Kód ADM;Kód obce;Název obce;Kód MOMC;Název MOMC;Kód MOP;Název MOP;Kód èásti obce;Název èásti obce;Kód ulice;Název ulice;Typ SO;Èíslo domovní;Èíslo orientaèní;Znak èísla orientaèního;PSÈ;Souøadnice Y;Souøadnice X;Platí Od
6915515;556955;Plánice;;;;;23582;Køížovice;;;è.p.;1;;;34034;824276.56;1113017.00;2013-12-03T00:00:00
6915523;556955;Plánice;;;;;23582;Køížovice;;;è.p.;2;;;34034;824275.19;1112962.63;2013-12-03T00:00:00
6915531;556955;Plánice;;;;;23582;Køížovice;;;è.p.;3;;;34034;824269.56;1112944.13;2013-12-03T00:00:00
6915540;556955;Plánice;;;;;23582;Køížovice;;;è.p.;4;;;34034;824264.06;1112911.25;2013-12-03T00:00:00
6915558;556955;Plánice;;;;;23582;Køížovice;;;è.p.;6;;;34034;824113.69;1113005.63;2013-12-03T00:00:00
6915566;556955;Plánice;;;;;23582;Køížovice;;;è.p.;7;;;34034;824131.81;1112984.50;2013-12-03T00:00:00
6915582;556955;Plánice;;;;;23582;Køížovice;;;è.p.;9;;;34034;824173.75;1112921.75;2013-12-03T00:00:00
6915591;556955;Plánice;;;;;23582;Køížovice;;;è.p.;10;;;34034;824180.94;1112850.75;2013-12-03T00:00:00
6915604;556955;Plánice;;;;;23582;Køížovice;;;è.p.;11;;;34034;824097.81;1112886.38;2013-12-03T00:00:00
6915612;556955;Plánice;;;;;23582;Køížovice;;;è.p.;12;;;34034;824233.00;1112840.38;2013-12-03T00:00:00
6915621;556955;Plánice;;;;;23582;Køížovice;;;è.p.;13;;;34034;824134.50;1112568.88;2013-12-03T00:00:00
6915639;556955;Plánice;;;;;23582;Køížovice;;;è.p.;14;;;34034;824158.00;1112558.13;2013-12-03T00:00:00
6915647;556955;Plánice;;;;;23582;Køížovice;;;è.p.;15;;;34034;824207.94;1112552.50;2013-12-03T00:00:00
6915655;556955;Plánice;;;;;23582;Køížovice;;;è.p.;16;;;34034;824249.81;1112827.50;2013-12-03T00:00:00
6915663;556955;Plánice;;;;;23582;Køížovice;;;è.p.;18;;;34034;824287.00;1112835.00;2013-12-03T00:00:00
6915671;556955;Plánice;;;;;23582;Køížovice;;;è.p.;19;;;34034;824259.00;1113110.00;2013-12-03T00:00:00
6915680;556955;Plánice;;;;;23582;Køížovice;;;è.p.;21;;;34034;824306.69;1112871.50;2013-12-03T00:00:00
6915698;556955;Plánice;;;;;23582;Køížovice;;;è.p.;22;;;34034;824323.25;1112898.50;2013-12-03T00:00:00
6915701;556955;Plánice;;;;;23582;Køížovice;;;è.p.;23;;;34034;824323.25;1112924.75;2013-12-03T00:00:00
6915710;556955;Plánice;;;;;23582;Køížovice;;;è.p.;24;;;34034;824339.50;1112989.25;2013-12-03T00:00:00
6915728;556955;Plánice;;;;;23582;Køížovice;;;è.p.;25;;;34034;824365.44;1112831.75;2013-12-03T00:00:00
6915736;556955;Plánice;;;;;23582;Køížovice;;;è.p.;26;;;34034;824322.69;1112955.13;2013-12-03T00:00:00
6915744;556955;Plánice;;;;;23582;Køížovice;;;è.p.;27;;;34034;824366.75;1112806.38;2013-12-03T00:00:00
6915752;556955;Plánice;;;;;23582;Køížovice;;;è.p.;28;;;34034;824261.06;1112864.38;2013-12-03T00:00:00
6915761;556955;Plánice;;;;;23582;Køížovice;;;è.p.;29;;;34034;824141.19;1112914.00;2013-12-03T00:00:00
6915779;556955;Plánice;;;;;23582;Køížovice;;;è.p.;30;;;34034;824144.88;1112966.88;2013-12-03T00:00:00
6915787;556955;Plánice;;;;;23582;Køížovice;;;è.p.;31;;;34034;824129.69;1113036.25;2013-12-03T00:00:00
6915795;556955;Plánice;;;;;23582;Køížovice;;;è.p.;34;;;34034;824158.25;1112888.38;2013-12-03T00:00:00
6915809;556955;Plánice;;;;;23582;Køížovice;;;è.p.;35;;;34034;824331.34;1112933.66;2013-12-03T00:00:00
6915817;556955;Plánice;;;;;23582;Køížovice;;;è.p.;36;;;34034;824357.94;1112995.75;2013-12-03T00:00:00
6915825;556955;Plánice;;;;;23582;Køížovice;;;è.p.;38;;;34034;824302.94;1112810.75;2013-12-03T00:00:00
6915833;556955;Plánice;;;;;23582;Køížovice;;;è.p.;39;;;34034;824272.94;1113060.00;2013-12-03T00:00:00
6915841;556955;Plánice;;;;;23582;Køížovice;;;è.p.;40;;;34034;824400.38;1112850.00;2013-12-03T00:00:00
6915850;556955;Plánice;;;;;23582;Køížovice;;;è.p.;41;;;34034;824273.94;1113031.38;2013-12-03T00:00:00
6915868;556955;Plánice;;;;;23582;Køížovice;;;è.p.;42;;;34034;824404.69;1112873.38;2013-12-03T00:00:00
6915876;556955;Plánice;;;;;23582;Køížovice;;;è.p.;43;;;34034;824085.25;1113018.25;2013-12-03T00:00:00
6915884;556955;Plánice;;;;;23582;Køížovice;;;è.p.;44;;;34034;824369.19;1112890.50;2013-12-03T00:00:00
6915892;556955;Plánice;;;;;23582;Køížovice;;;è.ev.;1;;;34034;824315.68;1112839.60;2013-12-03T00:00:00
6915906;556955;Plánice;;;;;23582;Køížovice;;;è.ev.;2;;;34034;824123.56;1112924.75;2013-12-03T00:00:00
6915914;556955;Plánice;;;;;23604;Vracov;;;è.p.;1;;;34034;824191.06;1109516.38;2013-12-03T00:00:00
6915922;556955;Plánice;;;;;23604;Vracov;;;è.p.;2;;;34034;824006.25;1109422.88;2013-12-03T00:00:00
6915949;556955;Plánice;;;;;23604;Vracov;;;è.ev.;1;;;34034;824163.44;1109604.38;2013-12-03T00:00:00
6915957;556955;Plánice;;;;;23612;Zdeboøice;;;è.p.;1;;;34142;826210.15;1112235.75;2013-12-03T00:00:00
6915965;556955;Plánice;;;;;23612;Zdeboøice;;;è.p.;2;;;34142;826196.19;1112018.50;2013-12-03T00:00:00
6915973;556955;Plánice;;;;;23612;Zdeboøice;;;è.p.;3;;;34142;826301.56;1112070.00;2013-12-03T00:00:00
6915981;556955;Plánice;;;;;23612;Zdeboøice;;;è.p.;4;;;34142;826207.69;1112131.50;2013-12-03T00:00:00
6915990;556955;Plánice;;;;;23612;Zdeboøice;;;è.p.;5;;;34142;826153.00;1112131.25;2013-12-03T00:00:00
6916007;556955;Plánice;;;;;23612;Zdeboøice;;;è.p.;6;;;34142;826104.31;1112024.00;2013-12-03T00:00:00
6916015;556955;Plánice;;;;;23612;Zdeboøice;;;è.p.;7;;;34142;826100.88;1112079.56;2013-12-03T00:00:00
6916023;556955;Plánice;;;;;23612;Zdeboøice;;;è.p.;8;;;34142;826122.25;1112150.00;2013-12-03T00:00:00
6916031;556955;Plánice;;;;;23612;Zdeboøice;;;è.p.;9;;;34142;826113.00;1112159.88;2013-12-03T00:00:00
6916040;556955;Plánice;;;;;23612;Zdeboøice;;;è.p.;10;;;34142;826081.00;1112174.88;2013-12-03T00:00:00
6916066;556955;Plánice;;;;;23612;Zdeboøice;;;è.p.;12;;;34142;826064.63;1112220.50;2013-12-03T00:00:00
6916074;556955;Plánice;;;;;23612;Zdeboøice;;;è.p.;13;;;34142;826060.13;1112250.63;2013-12-03T00:00:00
6916082;556955;Plánice;;;;;23612;Zdeboøice;;;è.p.;15;;;34142;826014.06;1112288.75;2013-12-03T00:00:00
6916091;556955;Plánice;;;;;23612;Zdeboøice;;;è.p.;16;;;34142;826077.13;1112287.50;2013-12-03T00:00:00
6916104;556955;Plánice;;;;;23612;Zdeboøice;;;è.p.;17;;;34142;826093.25;1112266.88;2013-12-03T00:00:00
6916112;556955;Plánice;;;;;23612;Zdeboøice;;;è.p.;18;;;34142;826117.19;1112295.25;2013-12-03T00:00:00
6916121;556955;Plánice;;;;;23612;Zdeboøice;;;è.p.;19;;;34142;826133.88;1112298.25;2013-12-03T00:00:00
6916139;556955;Plánice;;;;;23612;Zdeboøice;;;è.p.;20;;;34142;826229.94;1112324.63;2013-12-03T00:00:00
6916147;556955;Plánice;;;;;23612;Zdeboøice;;;è.p.;21;;;34142;826217.56;1112296.13;2013-12-03T00:00:00
6916155;556955;Plánice;;;;;23612;Zdeboøice;;;è.p.;23;;;34142;826216.00;1112057.00;2013-12-03T00:00:00
6916163;556955;Plánice;;;;;23612;Zdeboøice;;;è.p.;24;;;34142;826086.38;1112135.75;2013-12-03T00:00:00
6916171;556955;Plánice;;;;;23612;Zdeboøice;;;è.p.;25;;;34142;826156.00;1112046.63;2013-12-03T00:00:00
6916180;556955;Plánice;;;;;23612;Zdeboøice;;;è.p.;27;;;34142;826167.69;1112309.00;2013-12-03T00:00:00
6916198;556955;Plánice;;;;;23612;Zdeboøice;;;è.p.;28;;;34142;826232.50;1112147.38;2013-12-03T00:00:00
6916201;556955;Plánice;;;;;23612;Zdeboøice;;;è.p.;33;;;34142;826152.75;1112006.00;2013-12-03T00:00:00
6916210;556955;Plánice;;;;;23612;Zdeboøice;;;è.p.;36;;;34142;826099.81;1111876.75;2013-12-03T00:00:00
6916228;556955;Plánice;;;;;23612;Zdeboøice;;;è.p.;37;;;34142;826154.31;1112083.25;2013-12-03T00:00:00
6916236;556955;Plánice;;;;;23612;Zdeboøice;;;è.p.;38;;;34142;825596.56;1111182.75;2013-12-03T00:00:00
6916244;556955;Plánice;;;;;23612;Zdeboøice;;;è.p.;40;;;34142;826025.75;1112248.38;2013-12-03T00:00:00
6916252;556955;Plánice;;;;;23612;Zdeboøice;;;è.p.;41;;;34142;826231.94;1112093.00;2013-12-03T00:00:00
6916261;556955;Plánice;;;;;23612;Zdeboøice;;;è.p.;42;;;34142;826171.56;1112287.50;2013-12-03T00:00:00
6916279;556955;Plánice;;;;;23612;Zdeboøice;;;è.p.;43;;;34142;826279.19;1111954.63;2013-12-03T00:00:00
6916287;556955;Plánice;;;;;23612;Zdeboøice;;;è.p.;44;;;34142;826280.63;1112007.50;2013-12-03T00:00:00
6916295;556955;Plánice;;;;;23612;Zdeboøice;;;è.p.;45;;;34142;826244.75;1112044.00;2013-12-03T00:00:00
6916309;556955;Plánice;;;;;23612;Zdeboøice;;;è.p.;47;;;34142;826195.31;1111909.25;2013-12-03T00:00:00
6916317;556955;Plánice;;;;;23612;Zdeboøice;;;è.p.;49;;;34142;826233.50;1111906.25;2013-12-03T00:00:00
6916325;556955;Plánice;;;;;23612;Zdeboøice;;;è.p.;50;;;34142;826221.56;1111906.25;2013-12-03T00:00:00
6916333;556955;Plánice;;;;;23612;Zdeboøice;;;è.p.;51;;;34142;826246.88;1112274.38;2013-12-03T00:00:00
6916341;556955;Plánice;;;;;23612;Zdeboøice;;;è.p.;52;;;34142;826164.69;1112252.50;2013-12-03T00:00:00
6916350;556955;Plánice;;;;;23612;Zdeboøice;;;è.p.;53;;;34142;826209.19;1112037.75;2013-12-03T00:00:00
6916368;556955;Plánice;;;;;23612;Zdeboøice;;;è.p.;54;;;34142;826110.31;1112114.75;2013-12-03T00:00:00
6916376;556955;Plánice;;;;;23612;Zdeboøice;;;è.p.;55;;;34142;826214.00;1111999.75;2013-12-03T00:00:00
6916384;556955;Plánice;;;;;23612;Zdeboøice;;;è.p.;56;;;34142;826267.75;1111994.63;2013-12-03T00:00:00
6916392;556955;Plánice;;;;;23612;Zdeboøice;;;è.p.;57;;;34142;826190.19;1112106.00;2013-12-03T00:00:00
6916406;556955;Plánice;;;;;23612;Zdeboøice;;;è.p.;58;;;34142;825956.69;1112264.63;2013-12-03T00:00:00
6916414;556955;Plánice;;;;;23612;Zdeboøice;;;è.ev.;1;;;34142;826646.00;1112036.63;2013-12-03T00:00:00
6916422;556955;Plánice;;;;;23612;Zdeboøice;;;è.ev.;2;;;34142;826583.19;1112006.88;2013-12-03T00:00:00
6916431;556955;Plánice;;;;;23612;Zdeboøice;;;è.ev.;3;;;34142;826552.56;1111983.75;2013-12-03T00:00:00
6916449;556955;Plánice;;;;;23612;Zdeboøice;;;è.ev.;4;;;34142;825938.06;1111816.63;2013-12-03T00:00:00
6916457;556955;Plánice;;;;;23612;Zdeboøice;;;è.p.;48;;;34142;826208.44;1111906.88;2013-12-03T00:00:00
6916465;556955;Plánice;;;;;23612;Zdeboøice;;;è.ev.;6;;;34142;826262.69;1112075.38;2013-12-03T00:00:00
6916473;556955;Plánice;;;;;23612;Zdeboøice;;;è.ev.;7;;;34142;825974.31;1112302.50;2013-12-03T00:00:00
6916481;556955;Plánice;;;;;23612;Zdeboøice;;;è.ev.;8;;;34142;826181.31;1111910.38;2013-12-03T00:00:00
6916490;556955;Plánice;;;;;23612;Zdeboøice;;;è.ev.;9;;;34142;826307.81;1112031.13;2013-12-03T00:00:00
6916503;556955;Plánice;;;;;23612;Zdeboøice;;;è.ev.;10;;;34142;826136.50;1111883.25;2013-12-03T00:00:00
6916511;556955;Plánice;;;;;23612;Zdeboøice;;;è.ev.;11;;;34142;825328.00;1113328.00;2013-12-03T00:00:00
6916538;556955;Plánice;;;;;23612;Zdeboøice;;;è.ev.;13;;;34142;826151.25;1112268.63;2013-12-03T00:00:00
6916546;556955;Plánice;;;;;23612;Zdeboøice;;;è.ev.;14;;;34142;826197.69;1111887.13;2013-12-03T00:00:00
6948791;556955;Plánice;;;;;87581;Bližanovy;;;è.p.;1;;;34034;818757.00;1106550.63;2013-12-03T00:00:00
6948804;556955;Plánice;;;;;87581;Bližanovy;;;è.p.;2;;;34034;818777.63;1106624.75;2013-12-03T00:00:00
6948812;556955;Plánice;;;;;87581;Bližanovy;;;è.p.;3;;;34034;818803.56;1106552.50;2013-12-03T00:00:00
6948821;556955;Plánice;;;;;87581;Bližanovy;;;è.p.;4;;;34034;818839.69;1106517.75;2013-12-03T00:00:00
6948839;556955;Plánice;;;;;87581;Bližanovy;;;è.p.;5;;;34034;818950.50;1106412.50;2013-12-03T00:00:00
6948847;556955;Plánice;;;;;87581;Bližanovy;;;è.p.;6;;;34034;818947.56;1106401.13;2013-12-03T00:00:00
6948855;556955;Plánice;;;;;87581;Bližanovy;;;è.p.;7;;;34034;818476.13;1106224.63;2013-12-03T00:00:00
6948863;556955;Plánice;;;;;87581;Bližanovy;;;è.p.;8;;;34034;818918.88;1106350.75;2013-12-03T00:00:00
6948871;556955;Plánice;;;;;87581;Bližanovy;;;è.p.;11;;;34034;818610.75;1106767.13;2013-12-03T00:00:00
6948880;556955;Plánice;;;;;87581;Bližanovy;;;è.p.;12;;;34034;818829.81;1106401.38;2013-12-03T00:00:00
6948898;556955;Plánice;;;;;87581;Bližanovy;;;è.p.;13;;;34034;818791.88;1106515.13;2013-12-03T00:00:00
6948901;556955;Plánice;;;;;87581;Bližanovy;;;è.p.;15;;;34034;818753.13;1106488.63;2013-12-03T00:00:00
6948910;556955;Plánice;;;;;87581;Bližanovy;;;è.p.;17;;;34034;818688.38;1106458.63;2013-12-03T00:00:00
6948928;556955;Plánice;;;;;87581;Bližanovy;;;è.p.;18;;;34034;818657.50;1106431.50;2013-12-03T00:00:00
6948936;556955;Plánice;;;;;87581;Bližanovy;;;è.p.;19;;;34034;818550.94;1106246.88;2013-12-03T00:00:00
6948944;556955;Plánice;;;;;87581;Bližanovy;;;è.p.;20;;;34034;818648.44;1106316.88;2013-12-03T00:00:00
6948952;556955;Plánice;;;;;87581;Bližanovy;;;è.p.;21;;;34034;818592.69;1106242.00;2013-12-03T00:00:00
6948961;556955;Plánice;;;;;87581;Bližanovy;;;è.p.;22;;;34034;818556.56;1106280.75;2013-12-03T00:00:00
6948979;556955;Plánice;;;;;87581;Bližanovy;;;è.p.;23;;;34034;818521.31;1106316.25;2013-12-03T00:00:00
6948987;556955;Plánice;;;;;87581;Bližanovy;;;è.p.;24;;;34034;818597.13;1106448.38;2013-12-03T00:00:00
6948995;556955;Plánice;;;;;87581;Bližanovy;;;è.p.;25;;;34034;818491.00;1106587.50;2013-12-03T00:00:00
6949002;556955;Plánice;;;;;87581;Bližanovy;;;è.p.;27;;;34034;818521.88;1106533.50;2013-12-03T00:00:00
6949011;556955;Plánice;;;;;87581;Bližanovy;;;è.p.;29;;;34034;818556.88;1106507.00;2013-12-03T00:00:00
6949029;556955;Plánice;;;;;87581;Bližanovy;;;è.p.;30;;;34034;818576.13;1106486.88;2013-12-03T00:00:00
6949037;556955;Plánice;;;;;87581;Bližanovy;;;è.p.;31;;;34034;818631.81;1106487.88;2013-12-03T00:00:00
6949045;556955;Plánice;;;;;87581;Bližanovy;;;è.p.;32;;;34034;818385.75;1106365.63;2013-12-03T00:00:00
6949053;556955;Plánice;;;;;87581;Bližanovy;;;è.p.;33;;;34034;818659.50;1106478.38;2013-12-03T00:00:00
6949061;556955;Plánice;;;;;87581;Bližanovy;;;è.p.;35;;;34034;818675.94;1106565.88;2013-12-03T00:00:00
6949070;556955;Plánice;;;;;87581;Bližanovy;;;è.p.;36;;;34034;818696.19;1106565.88;2013-12-03T00:00:00
6949088;556955;Plánice;;;;;87581;Bližanovy;;;è.p.;38;;;34034;818599.15;1106268.11;2013-12-03T00:00:00
6949096;556955;Plánice;;;;;87581;Bližanovy;;;è.p.;39;;;34034;818678.44;1106546.00;2013-12-03T00:00:00
6949100;556955;Plánice;;;;;87581;Bližanovy;;;è.p.;40;;;34034;818416.06;1106380.13;2013-12-03T00:00:00
6949118;556955;Plánice;;;;;87581;Bližanovy;;;è.p.;42;;;34034;818432.38;1106544.25;2013-12-03T00:00:00
6949126;556955;Plánice;;;;;87581;Bližanovy;;;è.p.;44;;;34034;818884.88;1106414.25;2013-12-03T00:00:00
6949134;556955;Plánice;;;;;87581;Bližanovy;;;è.p.;45;;;34034;818606.19;1106460.00;2013-12-03T00:00:00
6949142;556955;Plánice;;;;;87581;Bližanovy;;;è.p.;46;;;34034;818423.06;1106728.00;2013-12-03T00:00:00
6949151;556955;Plánice;;;;;87581;Bližanovy;;;è.p.;47;;;34034;818568.25;1106254.50;2013-12-03T00:00:00
6949169;556955;Plánice;;;;;87581;Bližanovy;;;è.p.;48;;;34034;818471.75;1106666.50;2013-12-03T00:00:00
6949177;556955;Plánice;;;;;87581;Bližanovy;;;è.p.;49;;;34034;818728.75;1106573.50;2013-12-03T00:00:00
6949185;556955;Plánice;;;;;87581;Bližanovy;;;è.p.;50;;;34034;818482.81;1106275.75;2013-12-03T00:00:00
6949193;556955;Plánice;;;;;87581;Bližanovy;;;è.p.;51;;;34034;818465.06;1106622.50;2013-12-03T00:00:00
6949207;556955;Plánice;;;;;87581;Bližanovy;;;è.p.;53;;;34034;818940.00;1106369.13;2013-12-03T00:00:00
6949215;556955;Plánice;;;;;87581;Bližanovy;;;è.p.;54;;;34034;818464.75;1106693.63;2013-12-03T00:00:00
6949223;556955;Plánice;;;;;87581;Bližanovy;;;è.p.;55;;;34034;818455.44;1106288.88;2013-12-03T00:00:00
6949231;556955;Plánice;;;;;87581;Bližanovy;;;è.p.;56;;;34034;818623.63;1106976.75;2013-12-03T00:00:00
6949240;556955;Plánice;;;;;87581;Bližanovy;;;è.p.;58;;;34034;818964.81;1106309.25;2013-12-03T00:00:00
6949258;556955;Plánice;;;;;87581;Bližanovy;;;è.p.;59;;;34034;818616.94;1106196.00;2013-12-03T00:00:00
6949266;556955;Plánice;;;;;87581;Bližanovy;;;è.p.;60;;;34034;818612.00;1106436.75;2013-12-03T00:00:00
6949274;556955;Plánice;;;;;87581;Bližanovy;;;è.p.;62;;;34034;818842.31;1106456.00;2013-12-03T00:00:00
6949282;556955;Plánice;;;;;87581;Bližanovy;;;è.p.;63;;;34034;818471.44;1106782.25;2013-12-03T00:00:00
6949291;556955;Plánice;;;;;87581;Bližanovy;;;è.p.;65;;;34034;818488.94;1106818.13;2013-12-03T00:00:00
6949304;556955;Plánice;;;;;87581;Bližanovy;;;è.p.;66;;;34034;818421.88;1106595.38;2013-12-03T00:00:00
6949312;556955;Plánice;;;;;87581;Bližanovy;;;è.p.;67;;;34034;818618.69;1106289.13;2013-12-03T00:00:00
6949321;556955;Plánice;;;;;87581;Bližanovy;;;è.p.;68;;;34034;818687.13;1106522.75;2013-12-03T00:00:00
6949339;556955;Plánice;;;;;87581;Bližanovy;;;è.p.;69;;;34034;818647.63;1106638.50;2013-12-03T00:00:00
6949347;556955;Plánice;;;;;87581;Bližanovy;;;è.p.;70;;;34034;818987.81;1106388.38;2013-12-03T00:00:00
6949355;556955;Plánice;;;;;87581;Bližanovy;;;è.p.;71;;;34034;818642.25;1106681.00;2013-12-03T00:00:00
6949363;556955;Plánice;;;;;87581;Bližanovy;;;è.p.;72;;;34034;818510.50;1106857.75;2013-12-03T00:00:00
6949371;556955;Plánice;;;;;87581;Bližanovy;;;è.p.;73;;;34034;818653.13;1106657.13;2013-12-03T00:00:00
6949380;556955;Plánice;;;;;87581;Bližanovy;;;è.p.;74;;;34034;818621.63;1106725.88;2013-12-03T00:00:00
6949398;556955;Plánice;;;;;87581;Bližanovy;;;è.p.;75;;;34034;818406.75;1106628.88;2013-12-03T00:00:00
6949401;556955;Plánice;;;;;87581;Bližanovy;;;è.p.;76;;;34034;818416.38;1106685.75;2013-12-03T00:00:00
6949410;556955;Plánice;;;;;87581;Bližanovy;;;è.p.;77;;;34034;818649.63;1106274.63;2013-12-03T00:00:00
6949428;556955;Plánice;;;;;87581;Bližanovy;;;è.p.;78;;;34034;818489.81;1106890.75;2013-12-03T00:00:00
6949436;556955;Plánice;;;;;87581;Bližanovy;;;è.p.;79;;;34034;819057.00;1106358.00;2013-12-03T00:00:00
6949444;556955;Plánice;;;;;87581;Bližanovy;;;è.p.;81;;;34034;818651.69;1106232.88;2013-12-03T00:00:00
6949452;556955;Plánice;;;;;87581;Bližanovy;;;è.p.;82;;;34034;818385.23;1106974.92;2013-12-03T00:00:00
6949461;556955;Plánice;;;;;87581;Bližanovy;;;è.ev.;1;;;34034;818431.19;1106798.88;2013-12-03T00:00:00
6949487;556955;Plánice;;;;;87581;Bližanovy;;;è.ev.;3;;;34034;818333.81;1106671.38;2013-12-03T00:00:00
6949495;556955;Plánice;;;;;87581;Bližanovy;;;è.ev.;4;;;34034;818449.56;1106901.75;2013-12-03T00:00:00
6949509;556955;Plánice;;;;;87581;Bližanovy;;;è.ev.;5;;;34034;818370.88;1106740.50;2013-12-03T00:00:00
6949525;556955;Plánice;;;;;87581;Bližanovy;;;è.ev.;7;;;34034;818716.00;1106475.13;2013-12-03T00:00:00
6949533;556955;Plánice;;;;;87581;Bližanovy;;;è.ev.;8;;;34034;818314.00;1106330.00;2013-12-03T00:00:00
6949541;556955;Plánice;;;;;87581;Bližanovy;;;è.ev.;9;;;34034;818682.81;1106678.75;2013-12-03T00:00:00
6949550;556955;Plánice;;;;;87581;Bližanovy;;;è.ev.;10;;;34034;818715.31;1106448.13;2013-12-03T00:00:00
6949568;556955;Plánice;;;;;87581;Bližanovy;;;è.ev.;11;;;34034;818874.13;1106466.13;2013-12-03T00:00:00
6949576;556955;Plánice;;;;;87581;Bližanovy;;;è.ev.;12;;;34034;818900.63;1106368.75;2013-12-03T00:00:00
6949592;556955;Plánice;;;;;87581;Bližanovy;;;è.ev.;14;;;34034;818665.00;1106298.00;2013-12-03T00:00:00
6949606;556955;Plánice;;;;;87581;Bližanovy;;;è.ev.;15;;;34034;818369.38;1106712.13;2013-12-03T00:00:00
6949614;556955;Plánice;;;;;87581;Bližanovy;;;è.ev.;16;;;34034;818375.25;1106794.75;2013-12-03T00:00:00
6949622;556955;Plánice;;;;;87581;Bližanovy;;;è.ev.;17;;;34034;818390.69;1106815.13;2013-12-03T00:00:00
6949631;556955;Plánice;;;;;87581;Bližanovy;;;è.ev.;18;;;34034;818410.00;1106949.00;2013-12-03T00:00:00
6949649;556955;Plánice;;;;;87581;Bližanovy;;;è.ev.;19;;;34034;818399.69;1106890.75;2013-12-03T00:00:00
6949657;556955;Plánice;;;;;87581;Bližanovy;;;è.ev.;20;;;34034;818291.19;1106385.63;2013-12-03T00:00:00
6949665;556955;Plánice;;;;;87581;Bližanovy;;;è.ev.;21;;;34034;818400.88;1106874.38;2013-12-03T00:00:00
6949673;556955;Plánice;;;;;87581;Bližanovy;;;è.ev.;22;;;34034;818269.13;1106353.13;2013-12-03T00:00:00
6949681;556955;Plánice;;;;;87581;Bližanovy;;;è.ev.;23;;;34034;818478.25;1106585.63;2013-12-03T00:00:00
6949690;556955;Plánice;;;;;87581;Bližanovy;;;è.ev.;24;;;34034;818441.29;1106833.13;2018-04-09T00:00:00
6949703;556955;Plánice;;;;;87581;Bližanovy;;;è.ev.;25;;;34034;818397.00;1106855.00;2013-12-03T00:00:00
6949711;556955;Plánice;;;;;87581;Bližanovy;;;è.ev.;27;;;34034;818376.13;1106772.88;2013-12-03T00:00:00
6949720;556955;Plánice;;;;;87581;Bližanovy;;;è.ev.;29;;;34034;818358.56;1107030.75;2013-12-03T00:00:00
6949738;556955;Plánice;;;;;87581;Bližanovy;;;è.ev.;30;;;34034;818861.00;1106420.88;2013-12-03T00:00:00
6949746;556955;Plánice;;;;;87581;Bližanovy;;;è.ev.;32;;;34034;818347.11;1106598.45;2013-12-03T00:00:00
6949754;556955;Plánice;;;;;87599;Kvasetice;;;è.p.;1;;;34034;819659.88;1109080.00;2013-12-03T00:00:00
6949762;556955;Plánice;;;;;87599;Kvasetice;;;è.p.;2;;;34034;819615.81;1109076.63;2013-12-03T00:00:00
6949771;556955;Plánice;;;;;87599;Kvasetice;;;è.p.;3;;;34034;819607.94;1109095.75;2013-12-03T00:00:00
6949789;556955;Plánice;;;;;87599;Kvasetice;;;è.p.;4;;;34034;819587.19;1109122.38;2013-12-03T00:00:00
6949797;556955;Plánice;;;;;87599;Kvasetice;;;è.p.;5;;;34034;819608.25;1109176.25;2013-12-03T00:00:00
6949801;556955;Plánice;;;;;87599;Kvasetice;;;è.p.;6;;;34034;819633.00;1109162.75;2013-12-03T00:00:00
6949819;556955;Plánice;;;;;87599;Kvasetice;;;è.p.;7;;;34034;819674.00;1109164.63;2013-12-03T00:00:00
6949827;556955;Plánice;;;;;87599;Kvasetice;;;è.p.;8;;;34034;819682.50;1109136.50;2013-12-03T00:00:00
6949835;556955;Plánice;;;;;87599;Kvasetice;;;è.p.;9;;;34034;819690.00;1109113.25;2013-12-03T00:00:00
6949843;556955;Plánice;;;;;87599;Kvasetice;;;è.p.;10;;;34034;819694.50;1109088.25;2013-12-03T00:00:00
6949851;556955;Plánice;;;;;87599;Kvasetice;;;è.p.;11;;;34034;819701.69;1109069.38;2013-12-03T00:00:00
6949878;556955;Plánice;;;;;87599;Kvasetice;;;è.p.;13;;;34034;819711.00;1109006.25;2013-12-03T00:00:00
6949886;556955;Plánice;;;;;87599;Kvasetice;;;è.p.;14;;;34034;819750.25;1108997.13;2013-12-03T00:00:00
6949894;556955;Plánice;;;;;87599;Kvasetice;;;è.p.;15;;;34034;819756.19;1108975.88;2013-12-03T00:00:00
6949908;556955;Plánice;;;;;87599;Kvasetice;;;è.p.;16;;;34034;819456.75;1108726.13;2013-12-03T00:00:00
6949916;556955;Plánice;;;;;87599;Kvasetice;;;è.p.;17;;;34034;819704.25;1108961.13;2013-12-03T00:00:00
6949924;556955;Plánice;;;;;87599;Kvasetice;;;è.p.;18;;;34034;819718.94;1108936.75;2013-12-03T00:00:00
6949932;556955;Plánice;;;;;87599;Kvasetice;;;è.p.;19;;;34034;819710.50;1108921.13;2013-12-03T00:00:00
6949941;556955;Plánice;;;;;87599;Kvasetice;;;è.p.;20;;;34034;819718.75;1108901.63;2013-12-03T00:00:00
6949959;556955;Plánice;;;;;87599;Kvasetice;;;è.p.;21;;;34034;819524.06;1108869.88;2013-12-03T00:00:00
6949967;556955;Plánice;;;;;87599;Kvasetice;;;è.p.;22;;;34034;819777.31;1108903.75;2013-12-03T00:00:00
6949975;556955;Plánice;;;;;87599;Kvasetice;;;è.p.;23;;;34034;819631.27;1108890.64;2013-12-03T00:00:00
6949983;556955;Plánice;;;;;87599;Kvasetice;;;è.p.;24;;;34034;819793.06;1108885.88;2013-12-03T00:00:00
6949991;556955;Plánice;;;;;87599;Kvasetice;;;è.p.;25;;;34034;819748.81;1108829.38;2013-12-03T00:00:00
6950001;556955;Plánice;;;;;87599;Kvasetice;;;è.p.;27;;;34034;819713.13;1108834.50;2013-12-03T00:00:00
6950019;556955;Plánice;;;;;87599;Kvasetice;;;è.p.;28;;;34034;819505.19;1108729.63;2013-12-03T00:00:00
6950027;556955;Plánice;;;;;87599;Kvasetice;;;è.p.;29;;;34034;819681.19;1108848.63;2013-12-03T00:00:00
6950043;556955;Plánice;;;;;87599;Kvasetice;;;è.p.;31;;;34034;820685.56;1108464.25;2013-12-03T00:00:00
6950051;556955;Plánice;;;;;87599;Kvasetice;;;è.p.;33;;;34034;819819.38;1109012.38;2013-12-03T00:00:00
6950060;556955;Plánice;;;;;87599;Kvasetice;;;è.p.;34;;;34034;819788.25;1108978.25;2013-12-03T00:00:00
6950078;556955;Plánice;;;;;87599;Kvasetice;;;è.p.;36;;;34034;819671.31;1108843.50;2013-12-03T00:00:00
6950086;556955;Plánice;;;;;87599;Kvasetice;;;è.p.;37;;;34034;819658.31;1108842.50;2013-12-03T00:00:00
6950094;556955;Plánice;;;;;87599;Kvasetice;;;è.p.;38;;;34034;819797.81;1108909.88;2013-12-03T00:00:00
6950108;556955;Plánice;;;;;87599;Kvasetice;;;è.p.;39;;;34034;819630.88;1108836.63;2013-12-03T00:00:00
6950116;556955;Plánice;;;;;87599;Kvasetice;;;è.p.;40;;;34034;819733.94;1108891.75;2013-12-03T00:00:00
6950124;556955;Plánice;;;;;87599;Kvasetice;;;è.p.;41;;;34034;819618.63;1108849.63;2013-12-03T00:00:00
6950132;556955;Plánice;;;;;87599;Kvasetice;;;è.p.;42;;;34034;819603.19;1108843.75;2013-12-03T00:00:00
6950141;556955;Plánice;;;;;87599;Kvasetice;;;è.p.;43;;;34034;819771.19;1108878.63;2013-12-03T00:00:00
6950159;556955;Plánice;;;;;87599;Kvasetice;;;è.p.;44;;;34034;819731.00;1108866.38;2013-12-03T00:00:00
6950167;556955;Plánice;;;;;87599;Kvasetice;;;è.p.;45;;;34034;819495.00;1108847.63;2013-12-03T00:00:00
6950175;556955;Plánice;;;;;87599;Kvasetice;;;è.p.;47;;;34034;819685.75;1108881.38;2013-12-03T00:00:00
6950183;556955;Plánice;;;;;87599;Kvasetice;;;è.p.;48;;;34034;819680.38;1108894.38;2013-12-03T00:00:00
6950191;556955;Plánice;;;;;87599;Kvasetice;;;è.p.;50;;;34034;819698.25;1109055.00;2013-12-03T00:00:00
6950205;556955;Plánice;;;;;87599;Kvasetice;;;è.p.;52;;;34034;819738.69;1108854.13;2013-12-03T00:00:00
6950213;556955;Plánice;;;;;87599;Kvasetice;;;è.p.;53;;;34034;819743.75;1108841.63;2013-12-03T00:00:00
6950221;556955;Plánice;;;;;87599;Kvasetice;;;è.p.;54;;;34034;819816.19;1108936.50;2013-12-03T00:00:00
6950230;556955;Plánice;;;;;87599;Kvasetice;;;è.p.;55;;;34034;819857.25;1108884.25;2013-12-03T00:00:00
6950248;556955;Plánice;;;;;87599;Kvasetice;;;è.p.;57;;;34034;819764.25;1108785.75;2013-12-03T00:00:00
6950256;556955;Plánice;;;;;87599;Kvasetice;;;è.p.;58;;;34034;819575.50;1108808.63;2013-12-03T00:00:00
6950264;556955;Plánice;;;;;87599;Kvasetice;;;è.p.;59;;;34034;819652.69;1108877.88;2013-12-03T00:00:00
6950272;556955;Plánice;;;;;87599;Kvasetice;;;è.p.;60;;;34034;819616.25;1108879.00;2013-12-03T00:00:00
6950281;556955;Plánice;;;;;87599;Kvasetice;;;è.p.;61;;;34034;819560.31;1108763.38;2013-12-03T00:00:00
6950299;556955;Plánice;;;;;87599;Kvasetice;;;è.p.;62;;;34034;819556.44;1108844.88;2013-12-03T00:00:00
6950329;556955;Plánice;;;;;87599;Kvasetice;;;è.p.;65;;;34034;819828.13;1108861.38;2013-12-03T00:00:00
6950337;556955;Plánice;;;;;87599;Kvasetice;;;è.p.;66;;;34034;819481.19;1108727.00;2013-12-03T00:00:00
6950345;556955;Plánice;;;;;87599;Kvasetice;;;è.p.;67;;;34034;819823.13;1108913.63;2013-12-03T00:00:00
6950353;556955;Plánice;;;;;87599;Kvasetice;;;è.p.;68;;;34034;819510.50;1108789.50;2013-12-03T00:00:00
6950361;556955;Plánice;;;;;87599;Kvasetice;;;è.p.;69;;;34034;819474.56;1108828.13;2013-12-03T00:00:00
6950370;556955;Plánice;;;;;87599;Kvasetice;;;è.p.;70;;;34034;819450.88;1108808.88;2013-12-03T00:00:00
6950388;556955;Plánice;;;;;87599;Kvasetice;;;è.p.;71;;;34034;819499.50;1108896.50;2013-12-03T00:00:00
6950396;556955;Plánice;;;;;87599;Kvasetice;;;è.ev.;1;;;34034;819822.75;1108894.88;2013-12-03T00:00:00
6950400;556955;Plánice;;;;;87599;Kvasetice;;;è.ev.;2;;;34034;819545.13;1108675.63;2013-12-03T00:00:00
6950418;556955;Plánice;;;;;87599;Kvasetice;;;è.ev.;3;;;34034;819535.94;1108694.75;2013-12-03T00:00:00
6950426;556955;Plánice;;;;;87599;Kvasetice;;;è.ev.;4;;;34034;819491.06;1108679.38;2013-12-03T00:00:00
6950434;556955;Plánice;;;;;87599;Kvasetice;;;è.ev.;5;;;34034;819492.69;1108697.88;2013-12-03T00:00:00
6950442;556955;Plánice;;;;;87599;Kvasetice;;;è.ev.;6;;;34034;819509.69;1108648.63;2013-12-03T00:00:00
6950451;556955;Plánice;;;;;87599;Kvasetice;;;è.ev.;7;;;34034;819534.06;1108649.38;2013-12-03T00:00:00
6950469;556955;Plánice;;;;;87599;Kvasetice;;;è.ev.;8;;;34034;819553.63;1108645.25;2013-12-03T00:00:00
6950477;556955;Plánice;;;;;87599;Kvasetice;;;è.ev.;9;;;34034;819566.19;1108688.88;2013-12-03T00:00:00
6950485;556955;Plánice;;;;;87599;Kvasetice;;;è.ev.;10;;;34034;819562.94;1108708.25;2013-12-03T00:00:00
6950493;556955;Plánice;;;;;87599;Kvasetice;;;è.ev.;11;;;34034;819472.19;1108686.75;2013-12-03T00:00:00
6950507;556955;Plánice;;;;;87599;Kvasetice;;;è.ev.;12;;;34034;819516.63;1108670.75;2013-12-03T00:00:00
6950515;556955;Plánice;;;;;87599;Kvasetice;;;è.ev.;13;;;34034;819490.69;1108648.38;2013-12-03T00:00:00
6950523;556955;Plánice;;;;;87599;Kvasetice;;;è.ev.;14;;;34034;819705.94;1109259.75;2013-12-03T00:00:00
6950531;556955;Plánice;;;;;87599;Kvasetice;;;è.ev.;15;;;34034;820628.81;1108196.50;2013-12-03T00:00:00
6950540;556955;Plánice;;;;;87599;Kvasetice;;;è.ev.;16;;;34034;819675.06;1108911.75;2013-12-03T00:00:00
6950558;556955;Plánice;;;;;87602;Lovèice;;;è.p.;1;;;34034;818467.38;1108176.88;2013-12-03T00:00:00
6950566;556955;Plánice;;;;;87602;Lovèice;;;è.p.;2;;;34034;818375.38;1108157.13;2013-12-03T00:00:00
6950574;556955;Plánice;;;;;87602;Lovèice;;;è.p.;3;;;34034;818337.56;1108125.00;2013-12-03T00:00:00
6950582;556955;Plánice;;;;;87602;Lovèice;;;è.p.;4;;;34034;818355.06;1108094.88;2013-12-03T00:00:00
6950591;556955;Plánice;;;;;87602;Lovèice;;;è.p.;5;;;34034;818353.00;1108071.63;2013-12-03T00:00:00
6950604;556955;Plánice;;;;;87602;Lovèice;;;è.p.;6;;;34034;818352.63;1108051.75;2013-12-03T00:00:00
6950612;556955;Plánice;;;;;87602;Lovèice;;;è.p.;7;;;34034;818353.81;1108025.25;2013-12-03T00:00:00
6950621;556955;Plánice;;;;;87602;Lovèice;;;è.p.;8;;;34034;818341.25;1108006.13;2013-12-03T00:00:00
6950639;556955;Plánice;;;;;87602;Lovèice;;;è.p.;9;;;34034;818400.13;1108085.13;2013-12-03T00:00:00
6950647;556955;Plánice;;;;;87602;Lovèice;;;è.p.;10;;;34034;818402.56;1108015.88;2013-12-03T00:00:00
6950655;556955;Plánice;;;;;87602;Lovèice;;;è.p.;11;;;34034;818262.31;1107978.50;2013-12-03T00:00:00
6950663;556955;Plánice;;;;;87602;Lovèice;;;è.p.;12;;;34034;818270.06;1107954.88;2013-12-03T00:00:00
6950671;556955;Plánice;;;;;87602;Lovèice;;;è.p.;13;;;34034;818295.25;1107969.63;2013-12-03T00:00:00
6950680;556955;Plánice;;;;;87602;Lovèice;;;è.p.;14;;;34034;818353.44;1108129.88;2013-12-03T00:00:00
6950698;556955;Plánice;;;;;87602;Lovèice;;;è.p.;15;;;34034;818342.88;1107985.00;2013-12-03T00:00:00
6950701;556955;Plánice;;;;;87602;Lovèice;;;è.p.;16;;;34034;818345.31;1107962.63;2013-12-03T00:00:00
6950728;556955;Plánice;;;;;87602;Lovèice;;;è.p.;18;;;34034;818391.31;1107920.88;2013-12-03T00:00:00
6950736;556955;Plánice;;;;;87602;Lovèice;;;è.p.;19;;;34034;818384.94;1107945.75;2013-12-03T00:00:00
6950744;556955;Plánice;;;;;87602;Lovèice;;;è.p.;20;;;34034;818378.50;1107971.75;2013-12-03T00:00:00
6950752;556955;Plánice;;;;;87602;Lovèice;;;è.p.;22;;;34034;818527.38;1108190.25;2013-12-03T00:00:00
6950761;556955;Plánice;;;;;87602;Lovèice;;;è.p.;24;;;34034;818399.63;1107860.00;2013-12-03T00:00:00
6950779;556955;Plánice;;;;;87602;Lovèice;;;è.p.;26;;;34034;818416.75;1107863.25;2013-12-03T00:00:00
6950787;556955;Plánice;;;;;87602;Lovèice;;;è.p.;27;;;34034;818491.00;1108261.25;2013-12-03T00:00:00
6950795;556955;Plánice;;;;;87602;Lovèice;;;è.p.;28;;;34034;818452.06;1108222.50;2013-12-03T00:00:00
6950809;556955;Plánice;;;;;87602;Lovèice;;;è.p.;29;;;34034;818418.38;1108184.88;2013-12-03T00:00:00
6950817;556955;Plánice;;;;;87602;Lovèice;;;è.p.;30;;;34034;818449.19;1108152.00;2013-12-03T00:00:00
6950825;556955;Plánice;;;;;87602;Lovèice;;;è.ev.;1;;;34034;818444.88;1107895.63;2013-12-03T00:00:00
6950833;556955;Plánice;;;;;87602;Lovèice;;;è.ev.;2;;;34034;818420.38;1107795.00;2013-12-03T00:00:00
6950841;556955;Plánice;;;;;87602;Lovèice;;;è.ev.;9;;;34034;818501.50;1107856.75;2013-12-03T00:00:00
6950850;556955;Plánice;;;;;87611;Pohoøí;;;è.p.;1;;;34034;817027.44;1107244.38;2013-12-03T00:00:00
6950868;556955;Plánice;;;;;87611;Pohoøí;;;è.p.;2;;;34034;816998.06;1107269.25;2013-12-03T00:00:00
6950884;556955;Plánice;;;;;87611;Pohoøí;;;è.p.;4;;;34034;816968.69;1107354.13;2013-12-03T00:00:00
6950892;556955;Plánice;;;;;87611;Pohoøí;;;è.p.;5;;;34034;816956.88;1107382.75;2013-12-03T00:00:00
6950906;556955;Plánice;;;;;87611;Pohoøí;;;è.p.;6;;;34034;816940.56;1107424.75;2013-12-03T00:00:00
6950914;556955;Plánice;;;;;87611;Pohoøí;;;è.p.;7;;;34034;816928.69;1107457.38;2013-12-03T00:00:00
6950922;556955;Plánice;;;;;87611;Pohoøí;;;è.p.;8;;;34034;816927.50;1107488.88;2013-12-03T00:00:00
6950931;556955;Plánice;;;;;87611;Pohoøí;;;è.p.;9;;;34034;816952.81;1107537.00;2013-12-03T00:00:00
6950949;556955;Plánice;;;;;87611;Pohoøí;;;è.p.;10;;;34034;816903.38;1107490.00;2013-12-03T00:00:00
6950957;556955;Plánice;;;;;87611;Pohoøí;;;è.p.;12;;;34034;816891.56;1107492.88;2013-12-03T00:00:00
6950965;556955;Plánice;;;;;87611;Pohoøí;;;è.p.;13;;;34034;816880.13;1107492.50;2013-12-03T00:00:00
6950973;556955;Plánice;;;;;87611;Pohoøí;;;è.p.;14;;;34034;816864.13;1107081.38;2013-12-03T00:00:00
6950981;556955;Plánice;;;;;87611;Pohoøí;;;è.p.;15;;;34034;816372.81;1106492.13;2013-12-03T00:00:00
6950990;556955;Plánice;;;;;87611;Pohoøí;;;è.p.;16;;;34034;816948.69;1107587.63;2013-12-03T00:00:00
6951007;556955;Plánice;;;;;87611;Pohoøí;;;è.p.;19;;;34034;816916.44;1107613.75;2013-12-03T00:00:00
6951015;556955;Plánice;;;;;87611;Pohoøí;;;è.p.;20;;;34034;816945.81;1107505.13;2013-12-03T00:00:00
6951023;556955;Plánice;;;;;87611;Pohoøí;;;è.p.;21;;;34034;816986.25;1107547.63;2013-12-03T00:00:00
6951031;556955;Plánice;;;;;87611;Pohoøí;;;è.p.;22;;;34034;816983.38;1107587.13;2013-12-03T00:00:00
6951040;556955;Plánice;;;;;87611;Pohoøí;;;è.p.;25;;;34034;817018.06;1107574.88;2013-12-03T00:00:00
6951058;556955;Plánice;;;;;87611;Pohoøí;;;è.p.;26;;;34034;816323.75;1106470.25;2013-12-03T00:00:00
6951066;556955;Plánice;;;;;87611;Pohoøí;;;è.p.;27;;;34034;817036.06;1107233.38;2013-12-03T00:00:00
6951074;556955;Plánice;;;;;87611;Pohoøí;;;è.p.;28;;;34034;816975.63;1107630.50;2013-12-03T00:00:00
6951082;556955;Plánice;;;;;87611;Pohoøí;;;è.p.;30;;;34034;816917.25;1107558.25;2013-12-03T00:00:00
6951091;556955;Plánice;;;;;87611;Pohoøí;;;è.ev.;1;;;34034;816928.31;1107597.00;2013-12-03T00:00:00
6951104;556955;Plánice;;;;;87611;Pohoøí;;;è.ev.;2;;;34034;816984.63;1107323.50;2013-12-03T00:00:00
6951112;556955;Plánice;;;;;87611;Pohoøí;;;è.ev.;3;;;34034;816737.69;1107687.13;2013-12-03T00:00:00
6951121;556955;Plánice;;;;;87629;Štipoklasy;;;è.p.;1;;;34101;816863.06;1109402.50;2013-12-03T00:00:00
6951139;556955;Plánice;;;;;87629;Štipoklasy;;;è.p.;2;;;34101;816733.75;1109248.00;2013-12-03T00:00:00
6951147;556955;Plánice;;;;;87629;Štipoklasy;;;è.p.;3;;;34101;816830.19;1109512.50;2013-12-03T00:00:00
6951155;556955;Plánice;;;;;87629;Štipoklasy;;;è.p.;4;;;34101;816812.88;1109561.38;2013-12-03T00:00:00
6951163;556955;Plánice;;;;;87629;Štipoklasy;;;è.p.;5;;;34101;816797.88;1109586.75;2013-12-03T00:00:00
6951171;556955;Plánice;;;;;87629;Štipoklasy;;;è.p.;6;;;34101;816785.00;1109612.00;2013-12-03T00:00:00
6951180;556955;Plánice;;;;;87629;Štipoklasy;;;è.p.;7;;;34101;816785.31;1109659.63;2013-12-03T00:00:00
6951198;556955;Plánice;;;;;87629;Štipoklasy;;;è.p.;8;;;34101;816775.13;1109659.63;2013-12-03T00:00:00
6951201;556955;Plánice;;;;;87629;Štipoklasy;;;è.p.;9;;;34101;816764.94;1109688.50;2013-12-03T00:00:00
6951210;556955;Plánice;;;;;87629;Štipoklasy;;;è.p.;10;;;34101;816749.94;1109475.13;2013-12-03T00:00:00
6951228;556955;Plánice;;;;;87629;Štipoklasy;;;è.p.;11;;;34101;816594.94;1109006.38;2013-12-03T00:00:00
6951236;556955;Plánice;;;;;87629;Štipoklasy;;;è.p.;12;;;34101;816838.38;1109662.00;2013-12-03T00:00:00
6951244;556955;Plánice;;;;;87629;Štipoklasy;;;è.p.;13;;;34101;816861.83;1109633.43;2013-12-03T00:00:00
6951252;556955;Plánice;;;;;87629;Štipoklasy;;;è.p.;14;;;34101;816851.56;1109623.38;2013-12-03T00:00:00
6951261;556955;Plánice;;;;;87629;Štipoklasy;;;è.p.;15;;;34101;816878.25;1109572.38;2013-12-03T00:00:00
6951279;556955;Plánice;;;;;87629;Štipoklasy;;;è.p.;16;;;34101;816853.38;1109534.63;2013-12-03T00:00:00
6951287;556955;Plánice;;;;;87629;Štipoklasy;;;è.p.;17;;;34101;816833.39;1109645.42;2013-12-03T00:00:00
6951295;556955;Plánice;;;;;87629;Štipoklasy;;;è.p.;18;;;34101;816708.25;1109022.00;2013-12-03T00:00:00
6951309;556955;Plánice;;;;;87629;Štipoklasy;;;è.p.;20;;;34101;816555.31;1109083.63;2013-12-03T00:00:00
6951317;556955;Plánice;;;;;87629;Štipoklasy;;;è.p.;21;;;34101;816583.19;1109096.13;2013-12-03T00:00:00
6951325;556955;Plánice;;;;;87629;Štipoklasy;;;è.p.;22;;;34101;816568.69;1109119.13;2013-12-03T00:00:00
6951333;556955;Plánice;;;;;87629;Štipoklasy;;;è.p.;24;;;34101;816618.21;1109237.00;2013-12-03T00:00:00
6951341;556955;Plánice;;;;;87629;Štipoklasy;;;è.p.;25;;;34101;816841.06;1109078.88;2013-12-03T00:00:00
6951350;556955;Plánice;;;;;87629;Štipoklasy;;;è.p.;26;;;34101;816841.21;1109113.85;2013-12-03T00:00:00
6951368;556955;Plánice;;;;;87629;Štipoklasy;;;è.p.;27;;;34101;816671.69;1108940.75;2013-12-03T00:00:00
6951376;556955;Plánice;;;;;87629;Štipoklasy;;;è.p.;28;;;34101;816718.13;1109033.00;2013-12-03T00:00:00
6951384;556955;Plánice;;;;;87629;Štipoklasy;;;è.p.;29;;;34101;816653.38;1108994.13;2013-12-03T00:00:00
6951392;556955;Plánice;;;;;87629;Štipoklasy;;;è.p.;30;;;34101;816676.44;1109011.13;2013-12-03T00:00:00
6951406;556955;Plánice;;;;;87629;Štipoklasy;;;è.p.;31;;;34101;816729.69;1109084.75;2013-12-03T00:00:00
6951414;556955;Plánice;;;;;87629;Štipoklasy;;;è.p.;32;;;34101;816688.19;1109039.00;2013-12-03T00:00:00
6951422;556955;Plánice;;;;;87629;Štipoklasy;;;è.p.;35;;;34101;816606.00;1109075.00;2013-12-03T00:00:00
6951431;556955;Plánice;;;;;87629;Štipoklasy;;;è.p.;36;;;34101;816835.06;1109136.50;2013-12-03T00:00:00
6951449;556955;Plánice;;;;;87629;Štipoklasy;;;è.p.;37;;;34101;816613.81;1109041.75;2013-12-03T00:00:00
6951457;556955;Plánice;;;;;87629;Štipoklasy;;;è.p.;38;;;34101;816661.75;1109033.38;2013-12-03T00:00:00
6951465;556955;Plánice;;;;;87629;Štipoklasy;;;è.p.;39;;;34101;816759.50;1109737.63;2013-12-03T00:00:00
6951473;556955;Plánice;;;;;87629;Štipoklasy;;;è.p.;40;;;34101;816713.63;1109267.25;2013-12-03T00:00:00
6951481;556955;Plánice;;;;;87629;Štipoklasy;;;è.p.;41;;;34101;816797.56;1109068.13;2013-12-03T00:00:00
6951490;556955;Plánice;;;;;87629;Štipoklasy;;;è.p.;43;;;34101;816540.13;1109176.88;2013-12-03T00:00:00
6951503;556955;Plánice;;;;;87629;Štipoklasy;;;è.p.;44;;;34101;816843.06;1109578.00;2013-12-03T00:00:00
6951511;556955;Plánice;;;;;87629;Štipoklasy;;;è.p.;45;;;34101;816542.50;1109047.88;2013-12-03T00:00:00
6951520;556955;Plánice;;;;;87629;Štipoklasy;;;è.p.;46;;;34101;816796.38;1109090.25;2013-12-03T00:00:00
6951538;556955;Plánice;;;;;87629;Štipoklasy;;;è.p.;47;;;34101;816764.63;1109081.00;2013-12-03T00:00:00
6951546;556955;Plánice;;;;;87629;Štipoklasy;;;è.p.;48;;;34101;816923.81;1109503.50;2013-12-03T00:00:00
6951554;556955;Plánice;;;;;87629;Štipoklasy;;;è.p.;49;;;34101;816866.31;1109496.75;2013-12-03T00:00:00
6951562;556955;Plánice;;;;;87629;Štipoklasy;;;è.p.;50;;;34101;816815.88;1109038.75;2013-12-03T00:00:00
6951571;556955;Plánice;;;;;87629;Štipoklasy;;;è.p.;51;;;34101;816793.38;1109027.38;2013-12-03T00:00:00
6951589;556955;Plánice;;;;;87629;Štipoklasy;;;è.p.;52;;;34101;816833.00;1109044.38;2013-12-03T00:00:00
6951597;556955;Plánice;;;;;87629;Štipoklasy;;;è.p.;54;;;34101;816905.81;1109518.75;2013-12-03T00:00:00
6951601;556955;Plánice;;;;;87629;Štipoklasy;;;è.p.;55;;;34101;816670.75;1108883.50;2013-12-03T00:00:00
6951619;556955;Plánice;;;;;87629;Štipoklasy;;;è.p.;56;;;34101;816664.75;1108916.75;2013-12-03T00:00:00
6951627;556955;Plánice;;;;;87629;Štipoklasy;;;è.p.;57;;;34101;815895.88;1109748.75;2013-12-03T00:00:00
6951635;556955;Plánice;;;;;87629;Štipoklasy;;;è.p.;58;;;34101;816862.63;1109461.63;2013-12-03T00:00:00
6951643;556955;Plánice;;;;;87629;Štipoklasy;;;è.p.;59;;;34101;816609.06;1109176.38;2013-12-03T00:00:00
6951651;556955;Plánice;;;;;87629;Štipoklasy;;;è.p.;60;;;34101;816476.69;1109206.75;2013-12-03T00:00:00
6951660;556955;Plánice;;;;;87629;Štipoklasy;;;è.p.;61;;;34101;816850.69;1109379.75;2013-12-03T00:00:00
6951678;556955;Plánice;;;;;87629;Štipoklasy;;;è.p.;62;;;34101;816849.25;1109366.88;2013-12-03T00:00:00
6951686;556955;Plánice;;;;;87629;Štipoklasy;;;è.p.;63;;;34101;816858.00;1109347.13;2013-12-03T00:00:00
6951694;556955;Plánice;;;;;87629;Štipoklasy;;;è.p.;64;;;34101;816886.38;1109352.63;2013-12-03T00:00:00
6951708;556955;Plánice;;;;;87629;Štipoklasy;;;è.p.;65;;;34101;816900.13;1109371.00;2013-12-03T00:00:00
6951716;556955;Plánice;;;;;87629;Štipoklasy;;;è.p.;66;;;34101;816888.06;1109407.63;2013-12-03T00:00:00
6951724;556955;Plánice;;;;;87629;Štipoklasy;;;è.p.;67;;;34101;816914.69;1109411.38;2013-12-03T00:00:00
6951732;556955;Plánice;;;;;87629;Štipoklasy;;;è.p.;68;;;34101;816656.88;1109249.13;2013-12-03T00:00:00
6951741;556955;Plánice;;;;;87629;Štipoklasy;;;è.p.;69;;;34101;816637.19;1109242.88;2013-12-03T00:00:00
6951759;556955;Plánice;;;;;87629;Štipoklasy;;;è.p.;70;;;34101;816585.00;1109264.75;2013-12-03T00:00:00
6951767;556955;Plánice;;;;;87629;Štipoklasy;;;è.ev.;1;;;34101;816675.88;1108974.00;2013-12-03T00:00:00
6951775;556955;Plánice;;;;;87629;Štipoklasy;;;è.ev.;2;;;34101;816776.88;1109020.13;2013-12-03T00:00:00
6951783;556955;Plánice;;;;;87629;Štipoklasy;;;è.ev.;5;;;34101;817042.19;1108901.75;2013-12-03T00:00:00
6951791;556955;Plánice;;;;;87629;Štipoklasy;;;è.ev.;6;;;34101;816515.56;1109160.25;2013-12-03T00:00:00
6978959;556955;Plánice;;;;;121461;Nová Plánice;;;è.p.;1;;;34034;823747.82;1111727.30;2013-12-03T00:00:00
6978967;556955;Plánice;;;;;121461;Nová Plánice;;;è.p.;2;;;34034;823752.32;1111787.68;2013-12-03T00:00:00
6978975;556955;Plánice;;;;;121461;Nová Plánice;;;è.p.;3;;;34034;823716.98;1111794.79;2013-12-03T00:00:00
6978983;556955;Plánice;;;;;121461;Nová Plánice;;;è.p.;4;;;34034;823701.04;1111753.50;2013-12-03T00:00:00
6978991;556955;Plánice;;;;;121461;Nová Plánice;;;è.p.;5;;;34034;823697.92;1111732.68;2013-12-03T00:00:00
6979009;556955;Plánice;;;;;121461;Nová Plánice;;;è.p.;6;;;34034;823680.77;1111776.40;2013-12-03T00:00:00
6979017;556955;Plánice;;;;;121461;Nová Plánice;;;è.p.;7;;;34034;823656.17;1111774.50;2013-12-03T00:00:00
6979025;556955;Plánice;;;;;121461;Nová Plánice;;;è.p.;8;;;34034;823636.25;1111780.05;2013-12-03T00:00:00
6979033;556955;Plánice;;;;;121461;Nová Plánice;;;è.p.;9;;;34034;823629.49;1111786.12;2013-12-03T00:00:00
6979041;556955;Plánice;;;;;121461;Nová Plánice;;;è.p.;10;;;34034;823588.09;1111766.52;2013-12-03T00:00:00
6979050;556955;Plánice;;;;;121461;Nová Plánice;;;è.p.;11;;;34034;823597.57;1111818.39;2013-12-03T00:00:00
6979068;556955;Plánice;;;;;121461;Nová Plánice;;;è.p.;12;;;34034;823526.07;1111772.41;2013-12-03T00:00:00
6979076;556955;Plánice;;;;;121461;Nová Plánice;;;è.p.;13;;;34034;823545.30;1111784.73;2013-12-03T00:00:00
6979084;556955;Plánice;;;;;121461;Nová Plánice;;;è.p.;14;;;34034;823561.16;1111847.67;2013-12-03T00:00:00
6979092;556955;Plánice;;;;;121461;Nová Plánice;;;è.p.;15;;;34034;823595.68;1111854.14;2013-12-03T00:00:00
6979106;556955;Plánice;;;;;121461;Nová Plánice;;;è.p.;16;;;34034;823615.33;1111849.92;2013-12-03T00:00:00
6979114;556955;Plánice;;;;;121461;Nová Plánice;;;è.p.;17;;;34034;823613.92;1111873.53;2013-12-03T00:00:00
6979122;556955;Plánice;;;;;121461;Nová Plánice;;;è.p.;18;;;34034;823578.56;1111880.00;2013-12-03T00:00:00
6979131;556955;Plánice;;;;;121461;Nová Plánice;;;è.p.;19;;;34034;823643.67;1111861.73;2013-12-03T00:00:00
6979149;556955;Plánice;;;;;121461;Nová Plánice;;;è.p.;20;;;34034;823671.18;1111863.70;2013-12-03T00:00:00
6979157;556955;Plánice;;;;;121461;Nová Plánice;;;è.p.;21;;;34034;823688.86;1111858.36;2013-12-03T00:00:00
6979165;556955;Plánice;;;;;121461;Nová Plánice;;;è.p.;22;;;34034;823696.15;1111842.61;2013-12-03T00:00:00
6979173;556955;Plánice;;;;;121461;Nová Plánice;;;è.p.;23;;;34034;823748.92;1111872.41;2013-12-03T00:00:00
6979181;556955;Plánice;;;;;121461;Nová Plánice;;;è.p.;24;;;34034;823777.55;1111842.33;2013-12-03T00:00:00
6979190;556955;Plánice;;;;;121461;Nová Plánice;;;è.p.;25;;;34034;823722.26;1111853.58;2013-12-03T00:00:00
6979203;556955;Plánice;;;;;121461;Nová Plánice;;;è.p.;26;;;34034;823719.73;1111830.81;2013-12-03T00:00:00
6979211;556955;Plánice;;;;;121461;Nová Plánice;;;è.p.;27;;;34034;823718.61;1111812.82;2013-12-03T00:00:00
6979220;556955;Plánice;;;;;121461;Nová Plánice;;;è.p.;28;;;34034;823756.50;1111806.36;2013-12-03T00:00:00
6979238;556955;Plánice;;;;;121461;Nová Plánice;;;è.p.;29;;;34034;823593.74;1109545.79;2014-01-27T00:00:00
6979246;556955;Plánice;;;;;121461;Nová Plánice;;;è.p.;30;;;34034;823551.54;1111820.47;2013-12-03T00:00:00
6979254;556955;Plánice;;;;;121461;Nová Plánice;;;è.p.;31;;;34034;823567.61;1111906.98;2013-12-03T00:00:00
6979262;556955;Plánice;;;;;121461;Nová Plánice;;;è.p.;32;;;34034;823704.33;1111785.08;2013-12-03T00:00:00
6979271;556955;Plánice;;;;;121461;Nová Plánice;;;è.p.;33;;;34034;823521.05;1111811.97;2013-12-03T00:00:00
6979289;556955;Plánice;;;;;121461;Nová Plánice;;;è.p.;34;;;34034;823511.52;1111792.54;2013-12-03T00:00:00
6979297;556955;Plánice;;;;;121479;Plánice;;;è.p.;1;;;34034;821358.13;1110128.43;2013-12-03T00:00:00
6979301;556955;Plánice;;;;;121479;Plánice;223239;Námìstí;è.p.;2;;;34034;821406.58;1110078.30;2013-12-03T00:00:00
6979319;556955;Plánice;;;;;121479;Plánice;223239;Námìstí;è.p.;4;;;34034;821436.44;1110077.00;2013-12-03T00:00:00
6979327;556955;Plánice;;;;;121479;Plánice;223239;Námìstí;è.p.;5;;;34034;821446.61;1110073.40;2013-12-03T00:00:00
6979335;556955;Plánice;;;;;121479;Plánice;223239;Námìstí;è.p.;6;;;34034;821460.18;1110068.73;2013-12-03T00:00:00
6979343;556955;Plánice;;;;;121479;Plánice;223191;Klatovská;è.p.;7;;;34034;821491.56;1110060.21;2013-12-03T00:00:00
6979351;556955;Plánice;;;;;121479;Plánice;;;è.p.;8;;;34034;821508.79;1110054.94;2013-12-03T00:00:00
6979360;556955;Plánice;;;;;121479;Plánice;223191;Klatovská;è.p.;9;;;34034;821529.62;1110044.81;2013-12-03T00:00:00
6979378;556955;Plánice;;;;;121479;Plánice;223247;Nepomucká;è.p.;10;;;34034;821541.17;1110042.18;2013-12-03T00:00:00
6979386;556955;Plánice;;;;;121479;Plánice;223247;Nepomucká;è.p.;11;;;34034;821490.39;1109968.57;2013-12-03T00:00:00
6979394;556955;Plánice;;;;;121479;Plánice;223191;Klatovská;è.p.;12;;;34034;821558.71;1110034.51;2013-12-03T00:00:00
6979408;556955;Plánice;;;;;121479;Plánice;223191;Klatovská;è.p.;13;;;34034;821571.90;1110025.21;2013-12-03T00:00:00
6979416;556955;Plánice;;;;;121479;Plánice;223191;Klatovská;è.p.;14;;;34034;821582.55;1110033.54;2013-12-03T00:00:00
6979424;556955;Plánice;;;;;121479;Plánice;223191;Klatovská;è.p.;15;;;34034;821593.23;1110028.89;2013-12-03T00:00:00
6979432;556955;Plánice;;;;;121479;Plánice;223191;Klatovská;è.p.;16;;;34034;821615.94;1110024.77;2013-12-03T00:00:00
6979441;556955;Plánice;;;;;121479;Plánice;223191;Klatovská;è.p.;17;;;34034;821630.93;1110018.99;2013-12-03T00:00:00
6979459;556955;Plánice;;;;;121479;Plánice;223191;Klatovská;è.p.;18;;;34034;821645.66;1110010.71;2013-12-03T00:00:00
6979467;556955;Plánice;;;;;121479;Plánice;223191;Klatovská;è.p.;19;;;34034;821650.99;1109995.42;2013-12-03T00:00:00
6979475;556955;Plánice;;;;;121479;Plánice;223191;Klatovská;è.p.;20;;;34034;821693.10;1109993.64;2013-12-03T00:00:00
6979491;556955;Plánice;;;;;121479;Plánice;223191;Klatovská;è.p.;22;;;34034;821710.46;1109989.60;2013-12-03T00:00:00
6979505;556955;Plánice;;;;;121479;Plánice;223191;Klatovská;è.p.;23;;;34034;821714.80;1109948.54;2013-12-03T00:00:00
6979513;556955;Plánice;;;;;121479;Plánice;223191;Klatovská;è.p.;24;;;34034;821735.93;1109979.11;2013-12-03T00:00:00
6979521;556955;Plánice;;;;;121479;Plánice;223191;Klatovská;è.p.;25;;;34034;821750.81;1109971.77;2013-12-03T00:00:00
6979530;556955;Plánice;;;;;121479;Plánice;223191;Klatovská;è.p.;26;;;34034;821770.93;1109957.20;2013-12-03T00:00:00
6979548;556955;Plánice;;;;;121479;Plánice;223191;Klatovská;è.p.;27;;;34034;821763.43;1109850.09;2013-12-03T00:00:00
6979556;556955;Plánice;;;;;121479;Plánice;223191;Klatovská;è.p.;28;;;34034;821799.12;1109865.18;2013-12-03T00:00:00
6979564;556955;Plánice;;;;;121479;Plánice;223191;Klatovská;è.p.;29;;;34034;821815.62;1109864.91;2013-12-03T00:00:00
6979572;556955;Plánice;;;;;121479;Plánice;223191;Klatovská;è.p.;30;;;34034;821839.45;1109858.75;2013-12-03T00:00:00
6979581;556955;Plánice;;;;;121479;Plánice;223191;Klatovská;è.p.;31;;;34034;821859.34;1109855.37;2013-12-03T00:00:00
6979599;556955;Plánice;;;;;121479;Plánice;223191;Klatovská;è.p.;32;;;34034;821882.57;1109845.44;2013-12-03T00:00:00
6979602;556955;Plánice;;;;;121479;Plánice;223191;Klatovská;è.p.;33;;;34034;821898.56;1109838.88;2013-12-03T00:00:00
6979611;556955;Plánice;;;;;121479;Plánice;223191;Klatovská;è.p.;34;;;34034;822190.79;1109530.86;2013-12-03T00:00:00
6979629;556955;Plánice;;;;;121479;Plánice;223191;Klatovská;è.p.;35;;;34034;821919.36;1109809.44;2013-12-03T00:00:00
6979637;556955;Plánice;;;;;121479;Plánice;223191;Klatovská;è.p.;36;;;34034;821925.61;1109799.43;2013-12-03T00:00:00
6979645;556955;Plánice;;;;;121479;Plánice;223191;Klatovská;è.p.;37;;;34034;821939.20;1109795.24;2013-12-03T00:00:00
6979653;556955;Plánice;;;;;121479;Plánice;223191;Klatovská;è.p.;38;;;34034;821954.86;1109780.19;2013-12-03T00:00:00
6979661;556955;Plánice;;;;;121479;Plánice;223191;Klatovská;è.p.;39;;;34034;821970.59;1109762.59;2013-12-03T00:00:00
6979670;556955;Plánice;;;;;121479;Plánice;223191;Klatovská;è.p.;40;;;34034;821987.11;1109741.65;2013-12-03T00:00:00
6979688;556955;Plánice;;;;;121479;Plánice;223191;Klatovská;è.p.;41;;;34034;822006.36;1109759.33;2013-12-03T00:00:00
6979696;556955;Plánice;;;;;121479;Plánice;223191;Klatovská;è.p.;42;;;34034;822019.80;1109733.32;2013-12-03T00:00:00
6979700;556955;Plánice;;;;;121479;Plánice;223191;Klatovská;è.p.;43;;;34034;822040.26;1109704.00;2013-12-03T00:00:00
6979718;556955;Plánice;;;;;121479;Plánice;;;è.p.;44;;;34034;822052.76;1109721.90;2013-12-03T00:00:00
6979726;556955;Plánice;;;;;121479;Plánice;223271;Podìbradova;è.p.;45;;;34034;822070.53;1109700.79;2013-12-03T00:00:00
6979734;556955;Plánice;;;;;121479;Plánice;223271;Podìbradova;è.p.;46;;;34034;822082.63;1109722.49;2013-12-03T00:00:00
6979742;556955;Plánice;;;;;121479;Plánice;223191;Klatovská;è.p.;47;;;34034;822113.33;1109641.11;2013-12-03T00:00:00
6979751;556955;Plánice;;;;;121479;Plánice;223271;Podìbradova;è.p.;48;;;34034;822054.71;1109738.59;2013-12-03T00:00:00
6979769;556955;Plánice;;;;;121479;Plánice;223271;Podìbradova;è.p.;49;;;34034;822088.95;1109740.56;2013-12-03T00:00:00
6979777;556955;Plánice;;;;;121479;Plánice;223271;Podìbradova;è.p.;50;;;34034;822117.34;1109730.07;2013-12-03T00:00:00
6979785;556955;Plánice;;;;;121479;Plánice;223271;Podìbradova;è.p.;51;;;34034;822099.14;1109760.75;2013-12-03T00:00:00
6979793;556955;Plánice;;;;;121479;Plánice;223271;Podìbradova;è.p.;52;;;34034;822064.11;1109765.81;2013-12-03T00:00:00
6979815;556955;Plánice;;;;;121479;Plánice;;;è.p.;55;;;34034;821990.27;1109775.34;2013-12-03T00:00:00
6979823;556955;Plánice;;;;;121479;Plánice;223191;Klatovská;è.p.;56;;;34034;821999.47;1109795.15;2013-12-03T00:00:00
6979831;556955;Plánice;;;;;121479;Plánice;223191;Klatovská;è.p.;57;;;34034;821967.22;1109798.11;2013-12-03T00:00:00
6979840;556955;Plánice;;;;;121479;Plánice;223191;Klatovská;è.p.;58;;;34034;821980.14;1109812.18;2013-12-03T00:00:00
6979858;556955;Plánice;;;;;121479;Plánice;223191;Klatovská;è.p.;59;;;34034;821830.20;1109860.31;2013-12-03T00:00:00
6979866;556955;Plánice;;;;;121479;Plánice;;;è.p.;60;;;34034;821980.44;1109827.87;2013-12-03T00:00:00
6979874;556955;Plánice;;;;;121479;Plánice;223212;Køižíkova;è.p.;61;;;34034;822000.90;1109826.40;2013-12-03T00:00:00
6979882;556955;Plánice;;;;;121479;Plánice;;;è.p.;62;;;34034;822026.62;1109786.15;2013-12-03T00:00:00
6979891;556955;Plánice;;;;;121479;Plánice;223191;Klatovská;è.p.;63;;;34034;822090.32;1109631.79;2013-12-03T00:00:00
6979904;556955;Plánice;;;;;121479;Plánice;223212;Køižíkova;è.p.;64;;;34034;822074.91;1109781.34;2013-12-03T00:00:00
6979921;556955;Plánice;;;;;121479;Plánice;223212;Køižíkova;è.p.;66;;;34034;822065.43;1109821.76;2013-12-03T00:00:00
6979939;556955;Plánice;;;;;121479;Plánice;223271;Podìbradova;è.p.;67;;;34034;822100.11;1109777.36;2013-12-03T00:00:00
6979947;556955;Plánice;;;;;121479;Plánice;223271;Podìbradova;è.p.;68;;;34034;822119.01;1109789.15;2013-12-03T00:00:00
6979955;556955;Plánice;;;;;121479;Plánice;223271;Podìbradova;è.p.;69;;;34034;822118.04;1109807.35;2013-12-03T00:00:00
6979963;556955;Plánice;;;;;121479;Plánice;223271;Podìbradova;è.p.;70;;;34034;822134.28;1109816.73;2013-12-03T00:00:00
6979971;556955;Plánice;;;;;121479;Plánice;;;è.p.;71;;;34034;822140.79;1109786.35;2013-12-03T00:00:00
6979980;556955;Plánice;;;;;121479;Plánice;;;è.p.;72;;;34034;822167.41;1109794.57;2013-12-03T00:00:00
6979998;556955;Plánice;;;;;121479;Plánice;;;è.p.;73;;;34034;822167.01;1109763.16;2013-12-03T00:00:00
6980007;556955;Plánice;;;;;121479;Plánice;;;è.p.;74;;;34034;822169.48;1109773.35;2013-12-03T00:00:00
6980015;556955;Plánice;;;;;121479;Plánice;;;è.p.;75;;;34034;822307.01;1109727.87;2013-12-03T00:00:00
6980023;556955;Plánice;;;;;121479;Plánice;;;è.p.;76;;;34034;822196.01;1109786.22;2013-12-03T00:00:00
6980031;556955;Plánice;;;;;121479;Plánice;;;è.p.;77;;;34034;822172.15;1109808.84;2013-12-03T00:00:00
6980040;556955;Plánice;;;;;121479;Plánice;;;è.p.;78;;;34034;822227.87;1109831.77;2013-12-03T00:00:00
6980058;556955;Plánice;;;;;121479;Plánice;;;è.p.;79;;;34034;822228.81;1109846.08;2013-12-03T00:00:00
6980066;556955;Plánice;;;;;121479;Plánice;223212;Køižíkova;è.p.;80;;;34034;822175.16;1109836.25;2013-12-03T00:00:00
6980074;556955;Plánice;;;;;121479;Plánice;;;è.p.;81;;;34034;822175.56;1109855.59;2013-12-03T00:00:00
6980082;556955;Plánice;;;;;121479;Plánice;;;è.p.;82;;;34034;822174.09;1109874.42;2013-12-03T00:00:00
6980091;556955;Plánice;;;;;121479;Plánice;223212;Køižíkova;è.p.;83;;;34034;822143.21;1109868.47;2013-12-03T00:00:00
6980104;556955;Plánice;;;;;121479;Plánice;223212;Køižíkova;è.p.;84;;;34034;822111.29;1109847.65;2013-12-03T00:00:00
6980112;556955;Plánice;;;;;121479;Plánice;223212;Køižíkova;è.p.;85;;;34034;822069.32;1109846.22;2013-12-03T00:00:00
6980121;556955;Plánice;;;;;121479;Plánice;;;è.p.;86;;;34034;822038.99;1109847.14;2013-12-03T00:00:00
6980139;556955;Plánice;;;;;121479;Plánice;;;è.p.;87;;;34034;822043.05;1109879.81;2013-12-03T00:00:00
6980147;556955;Plánice;;;;;121479;Plánice;;;è.p.;88;;;34034;822011.16;1109871.57;2013-12-03T00:00:00
6980155;556955;Plánice;;;;;121479;Plánice;;;è.p.;90;;;34034;822018.06;1109910.63;2013-12-03T00:00:00
6980171;556955;Plánice;;;;;121479;Plánice;223191;Klatovská;è.p.;92;;;34034;821602.90;1110028.83;2013-12-03T00:00:00
6980180;556955;Plánice;;;;;121479;Plánice;;;è.p.;93;;;34034;822003.58;1109849.62;2013-12-03T00:00:00
6980198;556955;Plánice;;;;;121479;Plánice;223212;Køižíkova;è.p.;94;;;34034;821986.04;1109847.76;2013-12-03T00:00:00
6980201;556955;Plánice;;;;;121479;Plánice;223212;Køižíkova;è.p.;95;;;34034;821941.52;1109837.34;2013-12-03T00:00:00
6980210;556955;Plánice;;;;;121479;Plánice;;;è.p.;96;;;34034;821943.92;1109853.12;2013-12-03T00:00:00
6980228;556955;Plánice;;;;;121479;Plánice;;;è.p.;97;;;34034;821964.78;1109876.24;2013-12-03T00:00:00
6980236;556955;Plánice;;;;;121479;Plánice;;;è.p.;98;;;34034;821964.60;1109889.77;2013-12-03T00:00:00
6980244;556955;Plánice;;;;;121479;Plánice;;;è.p.;99;;;34034;821983.42;1109916.04;2013-12-03T00:00:00
6980252;556955;Plánice;;;;;121479;Plánice;223204;Kostelní;è.p.;100;;;34034;821968.03;1109911.69;2013-12-03T00:00:00
6980261;556955;Plánice;;;;;121479;Plánice;;;è.p.;102;;;34034;821927.74;1109877.63;2013-12-03T00:00:00
6980279;556955;Plánice;;;;;121479;Plánice;223204;Kostelní;è.p.;103;;;34034;821909.82;1109880.07;2013-12-03T00:00:00
6980287;556955;Plánice;;;;;121479;Plánice;223204;Kostelní;è.p.;104;;;34034;821894.25;1109879.81;2013-12-03T00:00:00
6980295;556955;Plánice;;;;;121479;Plánice;223204;Kostelní;è.p.;105;;;34034;821879.72;1109878.81;2013-12-03T00:00:00
6980309;556955;Plánice;;;;;121479;Plánice;223204;Kostelní;è.p.;106;;;34034;821894.61;1109980.68;2013-12-03T00:00:00
6980317;556955;Plánice;;;;;121479;Plánice;223204;Kostelní;è.p.;107;;;34034;821867.23;1109992.48;2013-12-03T00:00:00
6980325;556955;Plánice;;;;;121479;Plánice;223204;Kostelní;è.p.;108;;;34034;821850.63;1109982.19;2013-12-03T00:00:00
6980333;556955;Plánice;;;;;121479;Plánice;223204;Kostelní;è.p.;109;;;34034;821814.57;1109952.31;2013-12-03T00:00:00
6980341;556955;Plánice;;;;;121479;Plánice;223204;Kostelní;è.p.;110;;;34034;821831.79;1109982.32;2013-12-03T00:00:00
6980350;556955;Plánice;;;;;121479;Plánice;223204;Kostelní;è.p.;111;;;34034;821820.37;1109984.55;2013-12-03T00:00:00
6980368;556955;Plánice;;;;;121479;Plánice;223204;Kostelní;è.p.;112;;;34034;821807.38;1109986.64;2013-12-03T00:00:00
6980376;556955;Plánice;;;;;121479;Plánice;;;è.p.;113;;;34034;821796.20;1110005.99;2013-12-03T00:00:00
6980384;556955;Plánice;;;;;121479;Plánice;223204;Kostelní;è.p.;114;;;34034;821773.23;1109997.22;2013-12-03T00:00:00
6980392;556955;Plánice;;;;;121479;Plánice;;;è.p.;115;;;34034;821785.51;1110067.34;2013-12-03T00:00:00
6980406;556955;Plánice;;;;;121479;Plánice;;;è.p.;116;;;34034;821789.05;1110077.92;2013-12-03T00:00:00
6980414;556955;Plánice;;;;;121479;Plánice;;;è.p.;117;;;34034;821756.35;1110008.11;2013-12-03T00:00:00
6980422;556955;Plánice;;;;;121479;Plánice;;;è.p.;118;;;34034;821742.46;1110009.08;2013-12-03T00:00:00
6980431;556955;Plánice;;;;;121479;Plánice;223191;Klatovská;è.p.;119;;;34034;821731.51;1110012.27;2013-12-03T00:00:00
6980449;556955;Plánice;;;;;121479;Plánice;223191;Klatovská;è.p.;120;;;34034;821716.92;1110017.23;2013-12-03T00:00:00
6980457;556955;Plánice;;;;;121479;Plánice;223191;Klatovská;è.p.;121;;;34034;821712.03;1110033.50;2013-12-03T00:00:00
6980465;556955;Plánice;;;;;121479;Plánice;223191;Klatovská;è.p.;122;;;34034;821692.07;1110026.96;2013-12-03T00:00:00
6980481;556955;Plánice;;;;;121479;Plánice;223191;Klatovská;è.p.;124;;;34034;821666.85;1110037.05;2013-12-03T00:00:00
6980490;556955;Plánice;;;;;121479;Plánice;223191;Klatovská;è.p.;125;;;34034;821660.02;1110045.23;2013-12-03T00:00:00
6980503;556955;Plánice;;;;;121479;Plánice;223191;Klatovská;è.p.;126;;;34034;821646.12;1110049.45;2013-12-03T00:00:00
6980511;556955;Plánice;;;;;121479;Plánice;223191;Klatovská;è.p.;127;;;34034;821629.70;1110058.36;2013-12-03T00:00:00
6980538;556955;Plánice;;;;;121479;Plánice;223191;Klatovská;è.p.;129;;;34034;821579.02;1110081.57;2013-12-03T00:00:00
6980546;556955;Plánice;;;;;121479;Plánice;223255;Pod Sokolovnou;è.p.;130;;;34034;821263.19;1109996.85;2013-12-03T00:00:00
6980554;556955;Plánice;;;;;121479;Plánice;223191;Klatovská;è.p.;131;;;34034;821537.43;1110069.47;2013-12-03T00:00:00
6980562;556955;Plánice;;;;;121479;Plánice;223191;Klatovská;è.p.;132;;;34034;821520.70;1110074.75;2013-12-03T00:00:00
6980571;556955;Plánice;;;;;121479;Plánice;223239;Námìstí;è.p.;133;;;34034;821500.41;1110088.09;2013-12-03T00:00:00
6980589;556955;Plánice;;;;;121479;Plánice;223239;Námìstí;è.p.;134;;;34034;821506.67;1110110.95;2013-12-03T00:00:00
6980597;556955;Plánice;;;;;121479;Plánice;223239;Námìstí;è.p.;135;;;34034;821514.27;1110120.92;2013-12-03T00:00:00
6980601;556955;Plánice;;;;;121479;Plánice;223280;Sušická;è.p.;136;;;34034;821519.67;1110133.26;2013-12-03T00:00:00
6980619;556955;Plánice;;;;;121479;Plánice;223280;Sušická;è.p.;137;;;34034;821533.92;1110152.75;2013-12-03T00:00:00
6980627;556955;Plánice;;;;;121479;Plánice;223280;Sušická;è.p.;138;;;34034;821539.18;1110165.26;2013-12-03T00:00:00
6980635;556955;Plánice;;;;;121479;Plánice;223280;Sušická;è.p.;139;;;34034;821544.70;1110179.60;2013-12-03T00:00:00
6980643;556955;Plánice;;;;;121479;Plánice;223280;Sušická;è.p.;140;;;34034;821555.87;1110200.44;2013-12-03T00:00:00
6980651;556955;Plánice;;;;;121479;Plánice;223280;Sušická;è.p.;141;;;34034;821564.77;1110227.51;2013-12-03T00:00:00
6980660;556955;Plánice;;;;;121479;Plánice;223280;Sušická;è.p.;142;;;34034;821577.66;1110237.96;2013-12-03T00:00:00
6980678;556955;Plánice;;;;;121479;Plánice;223280;Sušická;è.p.;143;;;34034;821755.39;1110329.16;2013-12-03T00:00:00
6980686;556955;Plánice;;;;;121479;Plánice;223280;Sušická;è.p.;144;;;34034;821585.93;1110264.64;2013-12-03T00:00:00
6980694;556955;Plánice;;;;;121479;Plánice;223280;Sušická;è.p.;145;;;34034;821596.03;1110274.09;2013-12-03T00:00:00
6980708;556955;Plánice;;;;;121479;Plánice;223280;Sušická;è.p.;146;;;34034;821599.37;1110285.28;2013-12-03T00:00:00
6980716;556955;Plánice;;;;;121479;Plánice;223280;Sušická;è.p.;147;;;34034;821666.49;1110310.67;2013-12-03T00:00:00
6980732;556955;Plánice;;;;;121479;Plánice;223280;Sušická;è.p.;149;;;34034;821629.01;1110325.01;2013-12-03T00:00:00
6980741;556955;Plánice;;;;;121479;Plánice;223280;Sušická;è.p.;152;;;34034;821503.95;1110393.98;2013-12-03T00:00:00
6980759;556955;Plánice;;;;;121479;Plánice;223239;Námìstí;è.p.;153;;;34034;821474.74;1110064.91;2013-12-03T00:00:00
6980767;556955;Plánice;;;;;121479;Plánice;223280;Sušická;è.p.;154;;;34034;821562.82;1110285.84;2013-12-03T00:00:00
6980775;556955;Plánice;;;;;121479;Plánice;223280;Sušická;è.p.;155;;;34034;821546.92;1110258.41;2013-12-03T00:00:00
6980783;556955;Plánice;;;;;121479;Plánice;223280;Sušická;è.p.;156;;;34034;821536.35;1110238.50;2013-12-03T00:00:00
6980791;556955;Plánice;;;;;121479;Plánice;223280;Sušická;è.p.;157;;;34034;821529.99;1110205.11;2013-12-03T00:00:00
6980805;556955;Plánice;;;;;121479;Plánice;223280;Sušická;è.p.;158;;;34034;821520.66;1110191.39;2013-12-03T00:00:00
6980813;556955;Plánice;;;;;121479;Plánice;223280;Sušická;è.p.;159;;;34034;821503.48;1110168.25;2013-12-03T00:00:00
6980821;556955;Plánice;;;;;121479;Plánice;223280;Sušická;è.p.;160;;;34034;821493.37;1110149.10;2013-12-03T00:00:00
6980830;556955;Plánice;;;;;121479;Plánice;223239;Námìstí;è.p.;161;;;34034;821471.68;1110155.03;2013-12-03T00:00:00
6980848;556955;Plánice;;;;;121479;Plánice;223239;Námìstí;è.p.;162;;;34034;821460.30;1110157.03;2013-12-03T00:00:00
6980856;556955;Plánice;;;;;121479;Plánice;223239;Námìstí;è.p.;163;;;34034;821436.70;1110164.17;2013-12-03T00:00:00
6980864;556955;Plánice;;;;;121479;Plánice;223239;Námìstí;è.p.;164;;;34034;821451.75;1110215.90;2013-12-03T00:00:00
6980872;556955;Plánice;;;;;121479;Plánice;223239;Námìstí;è.p.;165;;;34034;821412.57;1110174.89;2013-12-03T00:00:00
6980881;556955;Plánice;;;;;121479;Plánice;223298;V Koutì;è.p.;166;;;34034;821610.52;1110365.92;2013-12-03T00:00:00
6980899;556955;Plánice;;;;;121479;Plánice;223239;Námìstí;è.p.;167;;;34034;821398.84;1110178.28;2013-12-03T00:00:00
6980902;556955;Plánice;;;;;121479;Plánice;223239;Námìstí;è.p.;168;;;34034;821383.68;1110182.96;2013-12-03T00:00:00
6980911;556955;Plánice;;;;;121479;Plánice;223239;Námìstí;è.p.;169;;;34034;821370.07;1110188.03;2013-12-03T00:00:00
6980929;556955;Plánice;;;;;121479;Plánice;223239;Námìstí;è.p.;170;;;34034;821358.80;1110192.68;2013-12-03T00:00:00
6980937;556955;Plánice;;;;;121479;Plánice;223239;Námìstí;è.p.;171;;;34034;821341.84;1110198.72;2013-12-03T00:00:00
6980945;556955;Plánice;;;;;121479;Plánice;223221;Na Ostromeèi;è.p.;172;;;34034;821325.56;1110207.15;2013-12-03T00:00:00
6980953;556955;Plánice;;;;;121479;Plánice;223221;Na Ostromeèi;è.p.;173;;;34034;821310.79;1110210.91;2013-12-03T00:00:00
6980961;556955;Plánice;;;;;121479;Plánice;223221;Na Ostromeèi;è.p.;174;;;34034;821300.05;1110215.04;2013-12-03T00:00:00
6980970;556955;Plánice;;;;;121479;Plánice;223221;Na Ostromeèi;è.p.;175;;;34034;821266.87;1110233.80;2013-12-03T00:00:00
6980988;556955;Plánice;;;;;121479;Plánice;223221;Na Ostromeèi;è.p.;176;;;34034;821245.56;1110243.54;2013-12-03T00:00:00
6980996;556955;Plánice;;;;;121479;Plánice;223221;Na Ostromeèi;è.p.;177;;;34034;821300.02;1110187.13;2013-12-03T00:00:00
6981003;556955;Plánice;;;;;121479;Plánice;223239;Námìstí;è.p.;178;;;34034;821311.34;1110163.99;2013-12-03T00:00:00
6981011;556955;Plánice;;;;;121479;Plánice;;;è.p.;179;;;34034;821273.22;1110071.41;2013-12-03T00:00:00
6981020;556955;Plánice;;;;;121479;Plánice;223239;Námìstí;è.p.;180;;;34034;821411.13;1110125.75;2013-12-03T00:00:00
6981038;556955;Plánice;;;;;121479;Plánice;;;è.p.;181;;;34034;821312.52;1110103.82;2013-12-03T00:00:00
6981046;556955;Plánice;;;;;121479;Plánice;223263;U Wollerù;è.p.;182;;;34034;820995.92;1110724.21;2013-12-03T00:00:00
6981054;556955;Plánice;;;;;121479;Plánice;223247;Nepomucká;è.p.;183;;;34034;821190.42;1109722.79;2013-12-03T00:00:00
6981062;556955;Plánice;;;;;121479;Plánice;;;è.p.;185;;;34034;821093.45;1109629.38;2013-12-03T00:00:00
6981071;556955;Plánice;;;;;121479;Plánice;223174;1. máje;è.p.;187;;;34034;822128.14;1109652.82;2013-12-03T00:00:00
6981089;556955;Plánice;;;;;121479;Plánice;;;è.p.;188;;;34034;822374.89;1109757.54;2013-12-03T00:00:00
6981097;556955;Plánice;;;;;121479;Plánice;223221;Na Ostromeèi;è.p.;189;;;34034;821264.74;1110205.93;2013-12-03T00:00:00
6981101;556955;Plánice;;;;;121479;Plánice;223212;Køižíkova;è.p.;190;;;34034;821957.20;1109831.30;2013-12-03T00:00:00
6981119;556955;Plánice;;;;;121479;Plánice;223280;Sušická;è.p.;191;;;34034;821564.33;1110271.13;2013-12-03T00:00:00
6981127;556955;Plánice;;;;;121479;Plánice;223212;Køižíkova;è.p.;192;;;34034;822258.29;1109828.11;2013-12-03T00:00:00
6981135;556955;Plánice;;;;;121479;Plánice;223212;Køižíkova;è.p.;193;;;34034;822226.90;1109808.51;2013-12-03T00:00:00
6981143;556955;Plánice;;;;;121479;Plánice;223212;Køižíkova;è.p.;194;;;34034;822241.77;1109806.20;2013-12-03T00:00:00
6981151;556955;Plánice;;;;;121479;Plánice;;;è.p.;196;;;34034;822256.20;1109894.05;2013-12-03T00:00:00
6981160;556955;Plánice;;;;;121479;Plánice;223239;Námìstí;è.p.;197;;;34034;821450.63;1110160.33;2013-12-03T00:00:00
6981178;556955;Plánice;;;;;121479;Plánice;223191;Klatovská;è.p.;198;;;34034;821786.64;1109904.67;2013-12-03T00:00:00
6981186;556955;Plánice;;;;;121479;Plánice;223191;Klatovská;è.p.;199;;;34034;821789.15;1109895.72;2013-12-03T00:00:00
6981194;556955;Plánice;;;;;121479;Plánice;223191;Klatovská;è.p.;200;;;34034;821979.62;1109784.70;2013-12-03T00:00:00
6981208;556955;Plánice;;;;;121479;Plánice;223191;Klatovská;è.p.;201;;;34034;821785.07;1109926.07;2013-12-03T00:00:00
6981216;556955;Plánice;;;;;121479;Plánice;223191;Klatovská;è.p.;202;;;34034;822204.95;1109714.36;2013-12-03T00:00:00
6981224;556955;Plánice;;;;;121479;Plánice;;;è.p.;203;;;34034;822177.45;1109739.93;2013-12-03T00:00:00
6981232;556955;Plánice;;;;;121479;Plánice;;;è.p.;204;;;34034;822189.61;1109702.14;2013-12-03T00:00:00
6981241;556955;Plánice;;;;;121479;Plánice;;;è.p.;205;;;34034;822236.79;1109739.43;2013-12-03T00:00:00
6981259;556955;Plánice;;;;;121479;Plánice;;;è.p.;206;;;34034;822148.65;1109669.21;2013-12-03T00:00:00
6981267;556955;Plánice;;;;;121479;Plánice;;;è.p.;207;;;34034;822251.03;1109750.88;2013-12-03T00:00:00
6981275;556955;Plánice;;;;;121479;Plánice;;;è.p.;208;;;34034;819685.73;1111082.01;2013-12-03T00:00:00
6981283;556955;Plánice;;;;;121479;Plánice;;;è.p.;209;;;34034;819654.08;1111109.99;2013-12-03T00:00:00
6981291;556955;Plánice;;;;;121479;Plánice;;;è.p.;210;;;34034;820245.85;1110913.18;2013-12-03T00:00:00
6981305;556955;Plánice;;;;;121479;Plánice;;;è.p.;211;;;34034;822262.04;1109732.80;2013-12-03T00:00:00
6981313;556955;Plánice;;;;;121479;Plánice;223174;1. máje;è.p.;212;;;34034;822248.32;1109722.57;2016-10-10T00:00:00
6981321;556955;Plánice;;;;;121479;Plánice;;;è.p.;213;;;34034;822240.61;1109767.11;2013-12-03T00:00:00
6981330;556955;Plánice;;;;;121479;Plánice;223221;Na Ostromeèi;è.p.;214;;;34034;821280.46;1110197.25;2013-12-03T00:00:00
6981348;556955;Plánice;;;;;121479;Plánice;223174;1. máje;è.p.;215;;;34034;822121.11;1109590.60;2013-12-03T00:00:00
6981356;556955;Plánice;;;;;121479;Plánice;223280;Sušická;è.p.;216;;;34034;821750.89;1110366.65;2013-12-03T00:00:00
6981364;556955;Plánice;;;;;121479;Plánice;;;è.p.;217;;;34034;820891.07;1109351.55;2013-12-03T00:00:00
6981372;556955;Plánice;;;;;121479;Plánice;;;è.p.;218;;;34034;821483.27;1110419.93;2013-12-03T00:00:00
6981381;556955;Plánice;;;;;121479;Plánice;;;è.p.;219;;;34034;821411.08;1109962.26;2013-12-03T00:00:00
6981399;556955;Plánice;;;;;121479;Plánice;;;è.p.;220;;;34034;821370.28;1109941.80;2013-12-03T00:00:00
6981402;556955;Plánice;;;;;121479;Plánice;223255;Pod Sokolovnou;è.p.;221;;;34034;821379.79;1109938.87;2013-12-03T00:00:00
6981411;556955;Plánice;;;;;121479;Plánice;223247;Nepomucká;è.p.;222;;;34034;821360.91;1109873.94;2013-12-03T00:00:00
6981429;556955;Plánice;;;;;121479;Plánice;223247;Nepomucká;è.p.;223;;;34034;821356.21;1109867.76;2013-12-03T00:00:00
6981437;556955;Plánice;;;;;121479;Plánice;223247;Nepomucká;è.p.;224;;;34034;821328.87;1109834.92;2013-12-03T00:00:00
6981445;556955;Plánice;;;;;121479;Plánice;223247;Nepomucká;è.p.;225;;;34034;821323.10;1109828.53;2013-12-03T00:00:00
6981453;556955;Plánice;;;;;121479;Plánice;223247;Nepomucká;è.p.;226;;;34034;821288.86;1109786.56;2013-12-03T00:00:00
6981461;556955;Plánice;;;;;121479;Plánice;223247;Nepomucká;è.p.;227;;;34034;821283.39;1109780.64;2013-12-03T00:00:00
6981470;556955;Plánice;;;;;121479;Plánice;223247;Nepomucká;è.p.;228;;;34034;821251.08;1109741.66;2013-12-03T00:00:00
6981488;556955;Plánice;;;;;121479;Plánice;223247;Nepomucká;è.p.;229;;;34034;821246.10;1109735.11;2013-12-03T00:00:00
6981496;556955;Plánice;;;;;121479;Plánice;223174;1. máje;è.p.;230;;;34034;822145.68;1109639.77;2013-12-03T00:00:00
6981500;556955;Plánice;;;;;121479;Plánice;223174;1. máje;è.p.;231;;;34034;822161.28;1109653.25;2013-12-03T00:00:00
6981518;556955;Plánice;;;;;121479;Plánice;223174;1. máje;è.p.;232;;;34034;822172.71;1109661.71;2013-12-03T00:00:00
6981526;556955;Plánice;;;;;121479;Plánice;223174;1. máje;è.p.;233;;;34034;822185.03;1109670.87;2013-12-03T00:00:00
6981534;556955;Plánice;;;;;121479;Plánice;223182;9. kvìtna;è.p.;234;;;34034;822253.01;1109664.26;2013-12-03T00:00:00
6981542;556955;Plánice;;;;;121479;Plánice;223174;1. máje;è.p.;235;;;34034;822229.41;1109702.74;2013-12-03T00:00:00
6981551;556955;Plánice;;;;;121479;Plánice;223182;9. kvìtna;è.p.;236;;;34034;822235.85;1109624.77;2013-12-03T00:00:00
6981569;556955;Plánice;;;;;121479;Plánice;223212;Køižíkova;è.p.;237;;;34034;822086.26;1109846.71;2013-12-03T00:00:00
6981577;556955;Plánice;;;;;121479;Plánice;;;è.p.;238;;;34034;821305.99;1109973.29;2013-12-03T00:00:00
6981585;556955;Plánice;;;;;121479;Plánice;;;è.p.;239;;;34034;821201.98;1109939.28;2013-12-03T00:00:00
6981593;556955;Plánice;;;;;121479;Plánice;;;è.p.;240;;;34034;821365.44;1110070.34;2013-12-03T00:00:00
6981607;556955;Plánice;;;;;121479;Plánice;;;è.p.;241;;;34034;821333.67;1110045.77;2013-12-03T00:00:00
6981615;556955;Plánice;;;;;121479;Plánice;;;è.p.;242;;;34034;821299.02;1110016.62;2013-12-03T00:00:00
6981623;556955;Plánice;;;;;121479;Plánice;223182;9. kvìtna;è.p.;243;;;34034;822219.61;1109590.67;2013-12-03T00:00:00
6981631;556955;Plánice;;;;;121479;Plánice;;;è.p.;244;;;34034;821314.24;1109960.45;2013-12-03T00:00:00
6981640;556955;Plánice;;;;;121479;Plánice;;;è.p.;245;;;34034;822228.12;1109610.60;2013-12-03T00:00:00
6981658;556955;Plánice;;;;;121479;Plánice;;;è.p.;246;;;34034;820979.44;1110706.64;2013-12-03T00:00:00
6981666;556955;Plánice;;;;;121479;Plánice;223191;Klatovská;è.p.;247;;;34034;822022.40;1109684.93;2013-12-03T00:00:00
6981674;556955;Plánice;;;;;121479;Plánice;;;è.p.;248;;;34034;821267.07;1109963.95;2013-12-03T00:00:00
6981682;556955;Plánice;;;;;121479;Plánice;223182;9. kvìtna;è.p.;249;;;34034;822278.27;1109664.93;2013-12-03T00:00:00
6981691;556955;Plánice;;;;;121479;Plánice;223182;9. kvìtna;è.p.;250;;;34034;822266.13;1109639.85;2013-12-03T00:00:00
6981704;556955;Plánice;;;;;121479;Plánice;223182;9. kvìtna;è.p.;251;;;34034;822251.75;1109606.76;2013-12-03T00:00:00
6981712;556955;Plánice;;;;;121479;Plánice;;;è.p.;252;;;34034;821249.54;1109940.25;2013-12-03T00:00:00
6981721;556955;Plánice;;;;;121479;Plánice;223182;9. kvìtna;è.p.;253;;;34034;822227.25;1109559.02;2013-12-03T00:00:00
6981739;556955;Plánice;;;;;121479;Plánice;223182;9. kvìtna;è.p.;254;;;34034;822221.11;1109541.59;2013-12-03T00:00:00
6981747;556955;Plánice;;;;;121479;Plánice;223204;Kostelní;è.p.;255;;;34034;821790.97;1109990.79;2013-12-03T00:00:00
6981755;556955;Plánice;;;;;121479;Plánice;223204;Kostelní;è.p.;256;;;34034;821708.33;1110350.21;2013-12-03T00:00:00
6981763;556955;Plánice;;;;;121479;Plánice;;;è.p.;257;;;34034;821269.76;1110098.45;2013-12-03T00:00:00
6981771;556955;Plánice;;;;;121479;Plánice;;;è.p.;258;;;34034;819718.47;1111094.03;2013-12-03T00:00:00
6981780;556955;Plánice;;;;;121479;Plánice;;;è.p.;259;;;34034;822233.11;1109571.34;2013-12-03T00:00:00
6981798;556955;Plánice;;;;;121479;Plánice;223182;9. kvìtna;è.p.;260;;;34034;822241.58;1109583.92;2013-12-03T00:00:00
6981801;556955;Plánice;;;;;121479;Plánice;223298;V Koutì;è.p.;261;;;34034;821704.46;1110315.19;2013-12-03T00:00:00
6981810;556955;Plánice;;;;;121479;Plánice;223221;Na Ostromeèi;è.p.;262;;;34034;821154.76;1110255.77;2013-12-03T00:00:00
6981828;556955;Plánice;;;;;121479;Plánice;223182;9. kvìtna;è.p.;263;;;34034;822289.41;1109688.79;2013-12-03T00:00:00
6981836;556955;Plánice;;;;;121479;Plánice;223221;Na Ostromeèi;è.p.;264;;;34034;821181.89;1110243.69;2013-12-03T00:00:00
6981844;556955;Plánice;;;;;121479;Plánice;223212;Køižíkova;è.p.;265;;;34034;822283.42;1109777.68;2013-12-03T00:00:00
6981852;556955;Plánice;;;;;121479;Plánice;;;è.p.;266;;;34034;822263.19;1109787.19;2013-12-03T00:00:00
6981861;556955;Plánice;;;;;121479;Plánice;;;è.p.;267;;;34034;821255.36;1109870.28;2013-12-03T00:00:00
6981879;556955;Plánice;;;;;121479;Plánice;223221;Na Ostromeèi;è.p.;268;;;34034;821200.93;1110231.48;2013-12-03T00:00:00
6981887;556955;Plánice;;;;;121479;Plánice;223247;Nepomucká;è.p.;269;;;34034;821359.57;1109762.21;2013-12-03T00:00:00
6981895;556955;Plánice;;;;;121479;Plánice;;;è.p.;270;;;34034;821228.22;1109848.16;2013-12-03T00:00:00
6981909;556955;Plánice;;;;;121479;Plánice;223182;9. kvìtna;è.p.;271;;;34034;822205.76;1109508.27;2013-12-03T00:00:00
6981917;556955;Plánice;;;;;121479;Plánice;223174;1. máje;è.p.;272;;;34034;822255.45;1109707.81;2013-12-03T00:00:00
6981925;556955;Plánice;;;;;121479;Plánice;223247;Nepomucká;è.p.;273;;;34034;821406.74;1109851.87;2013-12-03T00:00:00
6981933;556955;Plánice;;;;;121479;Plánice;223204;Kostelní;è.p.;274;;;34034;821949.02;1109923.55;2013-12-03T00:00:00
6981941;556955;Plánice;;;;;121479;Plánice;;;è.p.;275;;;34034;821014.43;1110190.01;2013-12-03T00:00:00
6981950;556955;Plánice;;;;;121479;Plánice;;;è.p.;276;;;34034;821034.45;1110196.83;2013-12-03T00:00:00
6981968;556955;Plánice;;;;;121479;Plánice;;;è.p.;277;;;34034;821057.61;1110180.45;2013-12-03T00:00:00
6981976;556955;Plánice;;;;;121479;Plánice;;;è.p.;278;;;34034;821122.27;1110149.50;2013-12-03T00:00:00
6981984;556955;Plánice;;;;;121479;Plánice;;;è.p.;279;;;34034;821377.81;1109894.46;2013-12-03T00:00:00
6981992;556955;Plánice;;;;;121479;Plánice;;;è.p.;280;;;34034;821147.76;1109928.87;2013-12-03T00:00:00
6982000;556955;Plánice;;;;;121479;Plánice;;;è.p.;281;;;34034;821126.34;1110265.34;2013-12-03T00:00:00
6982018;556955;Plánice;;;;;121479;Plánice;;;è.p.;282;;;34034;821122.70;1110258.10;2013-12-03T00:00:00
6982026;556955;Plánice;;;;;121479;Plánice;;;è.p.;283;;;34034;821277.30;1109853.18;2013-12-03T00:00:00
6982034;556955;Plánice;;;;;121479;Plánice;;;è.p.;284;;;34034;821006.43;1110313.82;2013-12-03T00:00:00
6982042;556955;Plánice;;;;;121479;Plánice;;;è.p.;285;;;34034;821104.78;1110227.20;2013-12-03T00:00:00
6982051;556955;Plánice;;;;;121479;Plánice;;;è.p.;286;;;34034;821090.20;1110198.90;2013-12-03T00:00:00
6982069;556955;Plánice;;;;;121479;Plánice;;;è.p.;287;;;34034;821241.82;1109883.27;2013-12-03T00:00:00
6982077;556955;Plánice;;;;;121479;Plánice;;;è.p.;288;;;34034;822327.46;1109678.34;2013-12-03T00:00:00
6982085;556955;Plánice;;;;;121479;Plánice;;;è.p.;289;;;34034;822241.74;1109450.37;2013-12-03T00:00:00
6982093;556955;Plánice;;;;;121479;Plánice;223182;9. kvìtna;è.p.;290;;;34034;822205.44;1109561.14;2013-12-03T00:00:00
6982107;556955;Plánice;;;;;121479;Plánice;223221;Na Ostromeèi;è.p.;291;;;34034;821105.54;1110282.29;2013-12-03T00:00:00
6982115;556955;Plánice;;;;;121479;Plánice;;;è.p.;292;;;34034;821238.74;1109978.49;2013-12-03T00:00:00
6982123;556955;Plánice;;;;;121479;Plánice;;;è.p.;293;;;34034;819751.65;1111073.92;2013-12-03T00:00:00
6982131;556955;Plánice;;;;;121479;Plánice;;;è.p.;294;;;34034;821213.05;1109997.02;2013-12-03T00:00:00
6982140;556955;Plánice;;;;;121479;Plánice;;;è.p.;295;;;34034;822328.25;1109644.98;2013-12-03T00:00:00
6982158;556955;Plánice;;;;;121479;Plánice;;;è.p.;296;;;34034;821222.68;1109958.63;2013-12-03T00:00:00
6982166;556955;Plánice;;;;;121479;Plánice;;;è.p.;297;;;34034;821195.23;1109977.79;2013-12-03T00:00:00
6982174;556955;Plánice;;;;;121479;Plánice;;;è.p.;298;;;34034;821360.87;1110334.38;2013-12-03T00:00:00
6982182;556955;Plánice;;;;;121479;Plánice;;;è.p.;299;;;34034;821377.22;1110324.60;2013-12-03T00:00:00
6982191;556955;Plánice;;;;;121479;Plánice;;;è.p.;300;;;34034;821392.09;1110313.31;2013-12-03T00:00:00
6982204;556955;Plánice;;;;;121479;Plánice;;;è.p.;301;;;34034;821407.85;1110304.44;2013-12-03T00:00:00
6982212;556955;Plánice;;;;;121479;Plánice;;;è.p.;304;;;34034;821458.84;1110276.19;2013-12-03T00:00:00
6982221;556955;Plánice;;;;;121479;Plánice;;;è.p.;305;;;34034;821500.73;1110256.23;2013-12-03T00:00:00
6982239;556955;Plánice;;;;;121479;Plánice;;;è.p.;306;;;34034;822318.78;1109715.85;2013-12-03T00:00:00
6982247;556955;Plánice;;;;;121479;Plánice;;;è.p.;307;;;34034;822256.47;1109473.40;2013-12-03T00:00:00
6982255;556955;Plánice;;;;;121479;Plánice;;;è.p.;308;;;34034;822264.73;1109489.50;2013-12-03T00:00:00
6982263;556955;Plánice;;;;;121479;Plánice;;;è.p.;309;;;34034;822346.54;1109567.73;2013-12-03T00:00:00
6982271;556955;Plánice;;;;;121479;Plánice;;;è.p.;310;;;34034;821230.02;1109896.48;2013-12-03T00:00:00
6982280;556955;Plánice;;;;;121479;Plánice;;;è.p.;311;;;34034;822340.89;1109575.00;2013-12-03T00:00:00
6982298;556955;Plánice;;;;;121479;Plánice;;;è.p.;312;;;34034;822341.66;1109592.27;2013-12-03T00:00:00
6982301;556955;Plánice;;;;;121479;Plánice;;;è.p.;313;;;34034;822336.48;1109599.44;2013-12-03T00:00:00
6982310;556955;Plánice;;;;;121479;Plánice;;;è.p.;314;;;34034;822338.25;1109621.80;2013-12-03T00:00:00
6982328;556955;Plánice;;;;;121479;Plánice;;;è.p.;315;;;34034;822330.54;1109624.73;2013-12-03T00:00:00
6982336;556955;Plánice;;;;;121479;Plánice;;;è.p.;316;;;34034;821121.94;1110126.99;2013-12-03T00:00:00
6982344;556955;Plánice;;;;;121479;Plánice;;;è.p.;317;;;34034;821335.10;1110300.60;2013-12-03T00:00:00
6982352;556955;Plánice;;;;;121479;Plánice;;;è.p.;318;;;34034;821912.20;1109751.58;2013-12-03T00:00:00
6982361;556955;Plánice;;;;;121479;Plánice;;;è.p.;319;;;34034;821186.09;1110016.75;2013-12-03T00:00:00
6982379;556955;Plánice;;;;;121479;Plánice;;;è.p.;320;;;34034;821379.93;1110372.44;2013-12-03T00:00:00
6982387;556955;Plánice;;;;;121479;Plánice;;;è.p.;321;;;34034;821406.07;1110358.74;2013-12-03T00:00:00
6982395;556955;Plánice;;;;;121479;Plánice;;;è.p.;322;;;34034;821430.67;1110343.93;2013-12-03T00:00:00
6982409;556955;Plánice;;;;;121479;Plánice;;;è.p.;323;;;34034;821455.27;1110330.56;2013-12-03T00:00:00
6982417;556955;Plánice;;;;;121479;Plánice;;;è.p.;325;;;34034;821496.64;1110306.89;2013-12-03T00:00:00
6982425;556955;Plánice;;;;;121479;Plánice;;;è.p.;326;;;34034;821431.31;1110264.50;2013-12-03T00:00:00
6982433;556955;Plánice;;;;;121479;Plánice;;;è.p.;327;;;34034;821396.43;1110399.29;2013-12-03T00:00:00
6982441;556955;Plánice;;;;;121479;Plánice;;;è.p.;328;;;34034;821416.32;1110388.32;2013-12-03T00:00:00
6982450;556955;Plánice;;;;;121479;Plánice;;;è.p.;329;;;34034;821435.94;1110376.90;2013-12-03T00:00:00
6982468;556955;Plánice;;;;;121479;Plánice;;;è.p.;330;;;34034;821409.54;1110422.35;2013-12-03T00:00:00
6982476;556955;Plánice;;;;;121479;Plánice;;;è.p.;331;;;34034;821427.98;1110410.81;2013-12-03T00:00:00
6982484;556955;Plánice;;;;;121479;Plánice;;;è.p.;333;;;34034;821168.11;1109996.18;2013-12-03T00:00:00
6982492;556955;Plánice;;;;;121479;Plánice;;;è.p.;334;;;34034;821162.33;1109915.05;2013-12-03T00:00:00
6982506;556955;Plánice;;;;;121479;Plánice;;;è.p.;336;;;34034;821060.71;1110160.19;2013-12-03T00:00:00
6982514;556955;Plánice;;;;;121479;Plánice;;;è.p.;337;;;34034;821412.84;1110272.10;2013-12-03T00:00:00
6982522;556955;Plánice;;;;;121479;Plánice;;;è.p.;339;;;34034;821376.05;1110290.75;2013-12-03T00:00:00
6982531;556955;Plánice;;;;;121479;Plánice;;;è.p.;340;;;34034;821356.43;1110293.63;2013-12-03T00:00:00
6982549;556955;Plánice;;;;;121479;Plánice;;;è.p.;341;;;34034;821715.02;1110261.29;2013-12-03T00:00:00
6982557;556955;Plánice;;;;;121479;Plánice;;;è.p.;342;;;34034;821700.59;1110249.81;2013-12-03T00:00:00
6982565;556955;Plánice;;;;;121479;Plánice;;;è.p.;343;;;34034;821652.08;1110259.24;2017-06-30T00:00:00
6982573;556955;Plánice;;;;;121479;Plánice;;;è.p.;344;;;34034;821672.34;1110253.67;2017-06-30T00:00:00
6982581;556955;Plánice;;;;;121479;Plánice;;;è.p.;345;;;34034;821443.61;1109900.56;2013-12-03T00:00:00
6982590;556955;Plánice;;;;;121479;Plánice;;;è.p.;346;;;34034;820905.49;1110215.85;2013-12-03T00:00:00
6982603;556955;Plánice;;;;;121479;Plánice;;;è.p.;347;;;34034;821890.28;1109941.01;2013-12-03T00:00:00
6982611;556955;Plánice;;;;;121479;Plánice;;;è.p.;349;;;34034;821478.70;1110268.16;2013-12-03T00:00:00
6982620;556955;Plánice;;;;;121479;Plánice;;;è.ev.;1;;;34034;822224.63;1109880.72;2013-12-03T00:00:00
6982638;556955;Plánice;;;;;121479;Plánice;;;è.p.;362;;;34034;821274.70;1110027.04;2013-12-03T00:00:00
6982646;556955;Plánice;;;;;121479;Plánice;;;è.ev.;3;;;34034;821094.33;1110455.53;2013-12-03T00:00:00
6993273;556955;Plánice;;;;;173959;Mlynáøovice;;;è.p.;2;;;33901;822009.69;1105741.50;2013-12-03T00:00:00
6993281;556955;Plánice;;;;;173959;Mlynáøovice;;;è.p.;3;;;33901;822037.44;1105571.38;2013-12-03T00:00:00
6993290;556955;Plánice;;;;;173959;Mlynáøovice;;;è.p.;5;;;33901;822139.19;1105367.14;2013-12-03T00:00:00
6993303;556955;Plánice;;;;;173959;Mlynáøovice;;;è.p.;6;;;33901;822256.06;1105295.38;2013-12-03T00:00:00
6993311;556955;Plánice;;;;;173959;Mlynáøovice;;;è.p.;7;;;33901;822150.19;1105386.75;2013-12-03T00:00:00
6993320;556955;Plánice;;;;;173959;Mlynáøovice;;;è.p.;8;;;33901;822193.81;1105305.75;2013-12-03T00:00:00
6993338;556955;Plánice;;;;;173959;Mlynáøovice;;;è.p.;9;;;33901;822092.56;1105402.50;2013-12-03T00:00:00
6993346;556955;Plánice;;;;;173959;Mlynáøovice;;;è.p.;10;;;33901;822074.63;1105410.00;2013-12-03T00:00:00
6993354;556955;Plánice;;;;;173959;Mlynáøovice;;;è.p.;11;;;33901;821986.88;1105521.63;2013-12-03T00:00:00
6993362;556955;Plánice;;;;;173959;Mlynáøovice;;;è.p.;12;;;33901;822047.31;1105428.00;2013-12-03T00:00:00
6993371;556955;Plánice;;;;;173959;Mlynáøovice;;;è.p.;13;;;33901;822204.69;1105289.88;2013-12-03T00:00:00
6993389;556955;Plánice;;;;;173959;Mlynáøovice;;;è.p.;15;;;33901;822245.00;1105287.25;2013-12-03T00:00:00
6993397;556955;Plánice;;;;;173959;Mlynáøovice;;;è.p.;16;;;33901;822231.88;1105236.75;2013-12-03T00:00:00
6993401;556955;Plánice;;;;;173959;Mlynáøovice;;;è.p.;17;;;33901;822046.31;1105450.38;2013-12-03T00:00:00
6993419;556955;Plánice;;;;;173959;Mlynáøovice;;;è.p.;18;;;33901;822025.38;1105429.38;2013-12-03T00:00:00
6993427;556955;Plánice;;;;;173959;Mlynáøovice;;;è.p.;19;;;33901;821999.38;1105448.13;2013-12-03T00:00:00
6993435;556955;Plánice;;;;;173959;Mlynáøovice;;;è.p.;20;;;33901;822076.81;1105371.50;2013-12-03T00:00:00
6993443;556955;Plánice;;;;;173959;Mlynáøovice;;;è.p.;22;;;33901;822028.50;1105398.88;2013-12-03T00:00:00
6993451;556955;Plánice;;;;;173959;Mlynáøovice;;;è.p.;23;;;33901;822766.88;1105715.13;2013-12-03T00:00:00
6993478;556955;Plánice;;;;;173959;Mlynáøovice;;;è.p.;25;;;33901;821982.69;1105407.13;2013-12-03T00:00:00
6993486;556955;Plánice;;;;;173959;Mlynáøovice;;;è.ev.;1;;;33901;822161.06;1105351.88;2013-12-03T00:00:00
6993494;556955;Plánice;;;;;173959;Mlynáøovice;;;è.ev.;2;;;33901;821865.31;1105804.13;2013-12-03T00:00:00
6993516;556955;Plánice;;;;;173959;Mlynáøovice;;;è.ev.;4;;;33901;822050.88;1105387.63;2013-12-03T00:00:00
6997210;556955;Plánice;;;;;191990;Zbyslav;;;è.p.;1;;;33901;824442.91;1106421.10;2013-12-03T00:00:00
6997228;556955;Plánice;;;;;191990;Zbyslav;;;è.p.;2;;;33901;824378.68;1106416.31;2013-12-03T00:00:00
6997236;556955;Plánice;;;;;191990;Zbyslav;;;è.p.;3;;;33901;824416.62;1106457.86;2013-12-03T00:00:00
6997244;556955;Plánice;;;;;191990;Zbyslav;;;è.p.;4;;;33901;824407.52;1106462.47;2013-12-03T00:00:00
6997252;556955;Plánice;;;;;191990;Zbyslav;;;è.p.;5;;;33901;824452.30;1106522.03;2013-12-03T00:00:00
6997261;556955;Plánice;;;;;191990;Zbyslav;;;è.p.;6;;;33901;824408.77;1106497.48;2013-12-03T00:00:00
6997287;556955;Plánice;;;;;191990;Zbyslav;;;è.p.;8;;;33901;824417.99;1106538.18;2013-12-03T00:00:00
6997295;556955;Plánice;;;;;191990;Zbyslav;;;è.p.;9;;;33901;824400.67;1106566.29;2013-12-03T00:00:00
6997309;556955;Plánice;;;;;191990;Zbyslav;;;è.p.;10;;;33901;824375.63;1106596.16;2013-12-03T00:00:00
6997317;556955;Plánice;;;;;191990;Zbyslav;;;è.p.;11;;;33901;824516.36;1106407.45;2013-12-03T00:00:00
6997325;556955;Plánice;;;;;191990;Zbyslav;;;è.p.;12;;;33901;824395.56;1106637.66;2013-12-03T00:00:00
6997333;556955;Plánice;;;;;191990;Zbyslav;;;è.p.;14;;;33901;824460.52;1106556.32;2013-12-03T00:00:00
6997341;556955;Plánice;;;;;191990;Zbyslav;;;è.p.;15;;;33901;824497.87;1106509.59;2013-12-03T00:00:00
6997350;556955;Plánice;;;;;191990;Zbyslav;;;è.p.;16;;;33901;824470.50;1106449.12;2013-12-03T00:00:00
6997368;556955;Plánice;;;;;191990;Zbyslav;;;è.p.;17;;;33901;824497.37;1106456.72;2013-12-03T00:00:00
6997376;556955;Plánice;;;;;191990;Zbyslav;;;è.p.;19;;;33901;824392.65;1106547.03;2013-12-03T00:00:00
6997384;556955;Plánice;;;;;191990;Zbyslav;;;è.p.;20;;;33901;824426.57;1106497.81;2013-12-03T00:00:00
6997392;556955;Plánice;;;;;191990;Zbyslav;;;è.p.;21;;;33901;824429.59;1106531.23;2013-12-03T00:00:00
6997406;556955;Plánice;;;;;191990;Zbyslav;;;è.p.;22;;;33901;824446.60;1107986.59;2013-12-03T00:00:00
6997414;556955;Plánice;;;;;191990;Zbyslav;;;è.p.;23;;;33901;824438.57;1107968.60;2013-12-03T00:00:00
6997422;556955;Plánice;;;;;191990;Zbyslav;;;è.p.;24;;;33901;824313.48;1106843.28;2013-12-03T00:00:00
6997431;556955;Plánice;;;;;191990;Zbyslav;;;è.p.;25;;;33901;824406.63;1107988.48;2013-12-03T00:00:00
6997449;556955;Plánice;;;;;191990;Zbyslav;;;è.p.;26;;;33901;824322.65;1106811.48;2013-12-03T00:00:00
6997457;556955;Plánice;;;;;191990;Zbyslav;;;è.p.;27;;;33901;824338.72;1106756.71;2013-12-03T00:00:00
6997465;556955;Plánice;;;;;191990;Zbyslav;;;è.p.;28;;;33901;824335.22;1106773.95;2013-12-03T00:00:00
6997473;556955;Plánice;;;;;191990;Zbyslav;;;è.p.;29;;;33901;824467.89;1107967.59;2013-12-03T00:00:00
6997481;556955;Plánice;;;;;191990;Zbyslav;;;è.p.;30;;;33901;824375.53;1108004.70;2013-12-03T00:00:00
6997490;556955;Plánice;;;;;191990;Zbyslav;;;è.p.;31;;;33901;824516.11;1107931.56;2013-12-03T00:00:00
6997503;556955;Plánice;;;;;191990;Zbyslav;;;è.p.;32;;;33901;824365.67;1106651.64;2013-12-03T00:00:00
6997511;556955;Plánice;;;;;191990;Zbyslav;;;è.p.;34;;;33901;824514.68;1107794.37;2013-12-03T00:00:00
6997520;556955;Plánice;;;;;191990;Zbyslav;;;è.p.;36;;;33901;824344.46;1106736.87;2013-12-03T00:00:00
6997538;556955;Plánice;;;;;191990;Zbyslav;;;è.p.;38;;;33901;824345.85;1106706.54;2013-12-03T00:00:00
6997546;556955;Plánice;;;;;191990;Zbyslav;;;è.p.;39;;;33901;824555.30;1107948.53;2013-12-03T00:00:00
6997554;556955;Plánice;;;;;191990;Zbyslav;;;è.p.;40;;;33901;824524.42;1107826.72;2013-12-03T00:00:00
6997562;556955;Plánice;;;;;191990;Zbyslav;;;è.p.;41;;;33901;824474.88;1107811.96;2013-12-03T00:00:00
6997571;556955;Plánice;;;;;191990;Zbyslav;;;è.p.;43;;;33901;824496.00;1106533.95;2013-12-03T00:00:00
6997589;556955;Plánice;;;;;191990;Zbyslav;;;è.p.;44;;;33901;824438.39;1107826.77;2013-12-03T00:00:00
6997597;556955;Plánice;;;;;191990;Zbyslav;;;è.p.;45;;;33901;824470.46;1106386.20;2013-12-03T00:00:00
6997601;556955;Plánice;;;;;191990;Zbyslav;;;è.p.;46;;;33901;824366.96;1107887.36;2013-12-03T00:00:00
6997619;556955;Plánice;;;;;191990;Zbyslav;;;è.p.;47;;;33901;824567.11;1107802.77;2013-12-03T00:00:00
6997627;556955;Plánice;;;;;191990;Zbyslav;;;è.ev.;1;;;33901;824315.72;1107994.31;2013-12-03T00:00:00
6997635;556955;Plánice;;;;;191990;Zbyslav;;;è.ev.;2;;;33901;824336.50;1107948.11;2013-12-03T00:00:00
6997643;556955;Plánice;;;;;191990;Zbyslav;;;è.ev.;3;;;33901;824291.40;1107953.81;2013-12-03T00:00:00
6997651;556955;Plánice;;;;;191990;Zbyslav;;;è.ev.;4;;;33901;824280.66;1107979.01;2013-12-03T00:00:00
6997660;556955;Plánice;;;;;191990;Zbyslav;;;è.ev.;5;;;33901;824443.38;1107908.11;2013-12-03T00:00:00
6997678;556955;Plánice;;;;;191990;Zbyslav;;;è.ev.;6;;;33901;824457.23;1107900.80;2013-12-03T00:00:00
6997686;556955;Plánice;;;;;191990;Zbyslav;;;è.ev.;7;;;33901;824319.17;1107941.76;2013-12-03T00:00:00
6997694;556955;Plánice;;;;;191990;Zbyslav;;;è.ev.;8;;;33901;824284.85;1107932.26;2013-12-03T00:00:00
6997708;556955;Plánice;;;;;191990;Zbyslav;;;è.ev.;11;;;33901;824519.50;1107945.88;2013-12-03T00:00:00
6997716;556955;Plánice;;;;;191990;Zbyslav;;;è.ev.;12;;;33901;824423.58;1107913.64;2013-12-03T00:00:00
6997724;556955;Plánice;;;;;191990;Zbyslav;;;è.ev.;13;;;33901;824351.33;1107940.06;2013-12-03T00:00:00
6997732;556955;Plánice;;;;;191990;Zbyslav;;;è.ev.;14;;;33901;824406.59;1106409.56;2013-12-03T00:00:00
25262505;556955;Plánice;;;;;191990;Zbyslav;;;è.p.;48;;;33901;824347.05;1106615.50;2013-12-03T00:00:00
25298399;556955;Plánice;;;;;121479;Plánice;;;è.p.;358;;;34034;821701.75;1110188.91;2013-12-03T00:00:00
25298402;556955;Plánice;;;;;121479;Plánice;;;è.p.;359;;;34034;821706.35;1110202.05;2013-12-03T00:00:00
25459201;556955;Plánice;;;;;121479;Plánice;;;è.p.;352;;;34034;821177.85;1109888.30;2013-12-03T00:00:00
25459210;556955;Plánice;;;;;121479;Plánice;;;è.p.;353;;;34034;821112.18;1110378.27;2013-12-03T00:00:00
25619055;556955;Plánice;;;;;121479;Plánice;;;è.p.;350;;;34034;821748.18;1110254.02;2013-12-03T00:00:00
25711270;556955;Plánice;;;;;87602;Lovèice;;;è.p.;31;;;34034;818365.00;1107922.00;2013-12-03T00:00:00
25711288;556955;Plánice;;;;;121479;Plánice;;;è.p.;351;;;34034;821690.03;1110337.71;2013-12-03T00:00:00
25711296;556955;Plánice;;;;;87581;Bližanovy;;;è.p.;83;;;34034;818700.00;1106640.00;2013-12-03T00:00:00
25750925;556955;Plánice;;;;;87599;Kvasetice;;;è.p.;76;;;34034;819471.00;1108756.00;2013-12-03T00:00:00
25776002;556955;Plánice;;;;;121479;Plánice;;;è.p.;348;;;34034;822146.83;1109754.34;2013-12-03T00:00:00
25840045;556955;Plánice;;;;;121479;Plánice;;;è.p.;332;;;34034;821450.63;1110398.46;2013-12-03T00:00:00
25911333;556955;Plánice;;;;;121479;Plánice;;;è.p.;303;;;34034;821441.68;1110286.72;2013-12-03T00:00:00
25941640;556955;Plánice;;;;;121479;Plánice;223212;Køižíkova;è.p.;54;;;34034;822082.54;1109820.53;2013-12-03T00:00:00
26019159;556955;Plánice;;;;;121479;Plánice;223191;Klatovská;è.p.;335;;;34034;822129.55;1109580.34;2013-12-03T00:00:00
26070219;556955;Plánice;;;;;121479;Plánice;;;è.p.;361;;;34034;822354.87;1109556.28;2013-12-03T00:00:00
26116677;556955;Plánice;;;;;121479;Plánice;;;è.p.;324;;;34034;821474.86;1110319.25;2013-12-03T00:00:00
26244756;556955;Plánice;;;;;23612;Zdeboøice;;;è.p.;59;;;34142;826189.00;1112347.00;2013-12-03T00:00:00
26545926;556955;Plánice;;;;;87581;Bližanovy;;;è.p.;84;;;34034;818483.00;1107058.00;2013-12-03T00:00:00
26563479;556955;Plánice;;;;;121479;Plánice;;;è.p.;302;;;34034;821425.48;1110297.72;2013-12-03T00:00:00
26598248;556955;Plánice;;;;;121479;Plánice;223174;1. máje;è.p.;357;;;34034;822211.34;1109687.33;2013-12-03T00:00:00
26749289;556955;Plánice;;;;;121479;Plánice;;;è.p.;356;;;34034;820813.99;1109376.92;2013-12-03T00:00:00
26759446;556955;Plánice;;;;;87599;Kvasetice;;;è.p.;72;;;34034;819448.77;1108844.70;2013-12-03T00:00:00
27144721;556955;Plánice;;;;;87581;Bližanovy;;;è.p.;10;;;34034;818880.00;1106382.00;2013-12-03T00:00:00
27144739;556955;Plánice;;;;;87611;Pohoøí;;;è.ev.;4;;;34034;816983.44;1107209.00;2013-12-03T00:00:00
27144755;556955;Plánice;;;;;121479;Plánice;;;è.p.;184;;;34034;821082.43;1109578.59;2013-12-03T00:00:00
27144763;556955;Plánice;;;;;121479;Plánice;;;è.ev.;4;;;34034;821299.50;1110143.91;2013-12-03T00:00:00
27566331;556955;Plánice;;;;;121479;Plánice;;;è.p.;360;;;34034;821717.89;1110120.80;2013-12-03T00:00:00
27566340;556955;Plánice;;;;;87611;Pohoøí;;;è.p.;32;;;34034;816945.00;1107627.00;2013-12-03T00:00:00
28033591;556955;Plánice;;;;;121479;Plánice;223247;Nepomucká;è.p.;355;;;34034;821398.01;1109798.84;2013-12-03T00:00:00
28158229;556955;Plánice;;;;;191990;Zbyslav;;;è.ev.;15;;;33901;824533.00;1106418.00;2013-12-03T00:00:00
28366115;556955;Plánice;;;;;121479;Plánice;;;è.p.;354;;;34034;821777.54;1110246.33;2013-12-03T00:00:00
28366123;556955;Plánice;;;;;121479;Plánice;;;è.p.;364;;;34034;822280.78;1109432.50;2016-02-17T00:00:00
28376536;556955;Plánice;;;;;87611;Pohoøí;;;è.p.;31;;;34034;816984.11;1107214.54;2016-02-17T00:00:00
30814324;556955;Plánice;;;;;87581;Bližanovy;;;è.p.;85;;;34034;818305.68;1106361.02;2013-12-03T00:00:00
30814332;556955;Plánice;;;;;87629;Štipoklasy;;;è.p.;71;;;34101;816848.64;1109576.85;2013-12-03T00:00:00
30954401;556955;Plánice;;;;;191990;Zbyslav;;;è.ev.;9;;;33901;824402.74;1107920.64;2013-12-03T00:00:00
40509664;556955;Plánice;;;;;87581;Bližanovy;;;è.p.;86;;;34034;818351.25;1106333.09;2013-12-03T00:00:00
40509796;556955;Plánice;;;;;121479;Plánice;;;è.p.;363;;;34034;821152.25;1110221.48;2013-12-03T00:00:00
40639681;556955;Plánice;;;;;87599;Kvasetice;;;è.p.;73;;;34034;819506.52;1108948.96;2013-12-03T00:00:00
42198216;556955;Plánice;;;;;87599;Kvasetice;;;è.p.;77;;;34034;819544.44;1108818.54;2013-12-03T00:00:00
42514754;556955;Plánice;;;;;121479;Plánice;;;è.ev.;5;;;34034;821922.93;1110300.09;2013-12-03T00:00:00
42673330;556955;Plánice;;;;;173959;Mlynáøovice;;;è.p.;26;;;33901;822029.13;1105714.93;2013-12-03T00:00:00
70902283;556955;Plánice;;;;;87611;Pohoøí;;;è.p.;33;;;34034;816978.16;1107463.52;2014-01-10T00:00:00
72000520;556955;Plánice;;;;;23582;Køížovice;;;è.p.;32;;;34034;824122.59;1112950.95;2014-02-14T00:00:00
75145367;556955;Plánice;;;;;87581;Bližanovy;;;è.p.;87;;;34034;818152.86;1105681.32;2016-06-27T00:00:00
75292157;556955;Plánice;;;;;87599;Kvasetice;;;è.p.;74;;;34034;819537.54;1108923.00;2016-08-24T00:00:00
76106675;556955;Plánice;;;;;121479;Plánice;;;è.p.;365;;;34034;821818.65;1110228.56;2017-04-24T00:00:00
77570758;556955;Plánice;;;;;121479;Plánice;;;è.p.;366;;;34034;821443.45;1110443.87;2017-08-15T00:00:00
78724431;556955;Plánice;;;;;87599;Kvasetice;;;è.p.;64;;;34034;819523.68;1108804.03;2018-09-27T00:00:00
78746281;556955;Plánice;;;;;121479;Plánice;223212;Køižíkova;è.p.;367;;;34034;822218.60;1109778.57;2018-10-08T00:00:00
