Kód ADM;Kód obce;Název obce;Kód MOMC;Název MOMC;Kód MOP;Název MOP;Kód èásti obce;Název èásti obce;Kód ulice;Název ulice;Typ SO;Èíslo domovní;Èíslo orientaèní;Znak èísla orientaèního;PSÈ;Souøadnice Y;Souøadnice X;Platí Od
10006893;584665;Moravská Nová Ves;;;;;98795;Moravská Nová Ves;61247;Školní;è.p.;1;;;69155;573286.65;1207254.06;2013-12-05T00:00:00
10006907;584665;Moravská Nová Ves;;;;;98795;Moravská Nová Ves;61247;Školní;è.p.;2;;;69155;573271.87;1207253.81;2013-12-05T00:00:00
10006923;584665;Moravská Nová Ves;;;;;98795;Moravská Nová Ves;61247;Školní;è.p.;4;;;69155;573219.29;1207224.22;2013-12-05T00:00:00
10006931;584665;Moravská Nová Ves;;;;;98795;Moravská Nová Ves;61182;námìstí Republiky;è.p.;5;;;69155;573212.39;1207235.01;2013-12-05T00:00:00
10006940;584665;Moravská Nová Ves;;;;;98795;Moravská Nová Ves;61123;Na Koncích;è.p.;6;;;69155;573692.21;1206475.21;2013-12-05T00:00:00
10006958;584665;Moravská Nová Ves;;;;;98795;Moravská Nová Ves;61182;námìstí Republiky;è.p.;7;;;69155;573189.34;1207267.82;2013-12-05T00:00:00
10006966;584665;Moravská Nová Ves;;;;;98795;Moravská Nová Ves;61182;námìstí Republiky;è.p.;8;;;69155;573178.47;1207281.72;2013-12-05T00:00:00
10006974;584665;Moravská Nová Ves;;;;;98795;Moravská Nová Ves;61182;námìstí Republiky;è.p.;9;;;69155;573168.91;1207292.54;2013-12-05T00:00:00
10006991;584665;Moravská Nová Ves;;;;;98795;Moravská Nová Ves;61182;námìstí Republiky;è.p.;11;;;69155;573139.22;1207319.89;2013-12-05T00:00:00
10007008;584665;Moravská Nová Ves;;;;;98795;Moravská Nová Ves;61182;námìstí Republiky;è.p.;12;;;69155;573125.28;1207332.50;2013-12-05T00:00:00
10007016;584665;Moravská Nová Ves;;;;;98795;Moravská Nová Ves;60992;Hlavní;è.p.;13;;;69155;573066.09;1207366.05;2013-12-05T00:00:00
10007024;584665;Moravská Nová Ves;;;;;98795;Moravská Nová Ves;60992;Hlavní;è.p.;14;;;69155;573055.41;1207374.07;2013-12-05T00:00:00
10007032;584665;Moravská Nová Ves;;;;;98795;Moravská Nová Ves;60992;Hlavní;è.p.;15;;;69155;573042.82;1207387.47;2013-12-05T00:00:00
10007041;584665;Moravská Nová Ves;;;;;98795;Moravská Nová Ves;60992;Hlavní;è.p.;16;;;69155;573033.23;1207397.65;2013-12-05T00:00:00
10007059;584665;Moravská Nová Ves;;;;;98795;Moravská Nová Ves;60992;Hlavní;è.p.;17;;;69155;573025.12;1207406.06;2013-12-05T00:00:00
10007067;584665;Moravská Nová Ves;;;;;98795;Moravská Nová Ves;60992;Hlavní;è.p.;18;;;69155;573002.85;1207429.91;2013-12-05T00:00:00
10007075;584665;Moravská Nová Ves;;;;;98795;Moravská Nová Ves;60992;Hlavní;è.p.;19;;;69155;572979.23;1207455.39;2013-12-05T00:00:00
10007083;584665;Moravská Nová Ves;;;;;98795;Moravská Nová Ves;60992;Hlavní;è.p.;20;;;69155;572963.81;1207473.65;2013-12-05T00:00:00
10007091;584665;Moravská Nová Ves;;;;;98795;Moravská Nová Ves;61115;Medlov;è.p.;21;;;69155;573057.48;1207537.51;2013-12-05T00:00:00
10007105;584665;Moravská Nová Ves;;;;;98795;Moravská Nová Ves;61115;Medlov;è.p.;22;;;69155;573045.67;1207539.72;2013-12-05T00:00:00
10007113;584665;Moravská Nová Ves;;;;;98795;Moravská Nová Ves;60992;Hlavní;è.p.;23;;;69155;572715.21;1207612.66;2013-12-05T00:00:00
10007121;584665;Moravská Nová Ves;;;;;98795;Moravská Nová Ves;61115;Medlov;è.p.;24;;;69155;573044.05;1207553.51;2013-12-05T00:00:00
10007130;584665;Moravská Nová Ves;;;;;98795;Moravská Nová Ves;61115;Medlov;è.p.;25;;;69155;573057.71;1207580.62;2013-12-05T00:00:00
10007148;584665;Moravská Nová Ves;;;;;98795;Moravská Nová Ves;61115;Medlov;è.p.;27;;;69155;573038.66;1207596.05;2013-12-05T00:00:00
10007156;584665;Moravská Nová Ves;;;;;98795;Moravská Nová Ves;61352;Vítìzství;è.p.;28;;;69155;573385.70;1206641.35;2013-12-05T00:00:00
10007181;584665;Moravská Nová Ves;;;;;98795;Moravská Nová Ves;61221;Polní;è.p.;31;;;69155;573038.92;1207622.69;2013-12-05T00:00:00
10007199;584665;Moravská Nová Ves;;;;;98795;Moravská Nová Ves;61221;Polní;è.p.;32;;;69155;573032.07;1207632.28;2013-12-05T00:00:00
10007202;584665;Moravská Nová Ves;;;;;98795;Moravská Nová Ves;61123;Na Koncích;è.p.;33;;;69155;573725.60;1206443.23;2013-12-05T00:00:00
10007211;584665;Moravská Nová Ves;;;;;98795;Moravská Nová Ves;61115;Medlov;è.p.;34;;;69155;573015.08;1207596.00;2013-12-05T00:00:00
10007229;584665;Moravská Nová Ves;;;;;98795;Moravská Nová Ves;61115;Medlov;è.p.;35;;;69155;573005.01;1207581.09;2013-12-05T00:00:00
10007237;584665;Moravská Nová Ves;;;;;98795;Moravská Nová Ves;61115;Medlov;è.p.;37;;;69155;572994.26;1207566.25;2013-12-05T00:00:00
10007245;584665;Moravská Nová Ves;;;;;98795;Moravská Nová Ves;61352;Vítìzství;è.p.;39;;;69155;573335.89;1206674.85;2013-12-05T00:00:00
10007253;584665;Moravská Nová Ves;;;;;98795;Moravská Nová Ves;61301;U Trati;è.p.;40;;;69155;572942.63;1207593.00;2013-12-05T00:00:00
10007261;584665;Moravská Nová Ves;;;;;98795;Moravská Nová Ves;61301;U Trati;è.p.;41;;;69155;572924.66;1207605.80;2013-12-05T00:00:00
10007270;584665;Moravská Nová Ves;;;;;98795;Moravská Nová Ves;61093;Lipová;è.p.;42;;;69155;573482.12;1207059.36;2013-12-05T00:00:00
10007288;584665;Moravská Nová Ves;;;;;98795;Moravská Nová Ves;61115;Medlov;è.p.;43;;;69155;573013.06;1207559.58;2013-12-05T00:00:00
10007296;584665;Moravská Nová Ves;;;;;98795;Moravská Nová Ves;61174;Na Výsluní;è.p.;44;;;69155;572689.75;1207301.72;2013-12-05T00:00:00
10007300;584665;Moravská Nová Ves;;;;;98795;Moravská Nová Ves;61115;Medlov;è.p.;45;;;69155;573020.53;1207582.54;2013-12-05T00:00:00
10007318;584665;Moravská Nová Ves;;;;;98795;Moravská Nová Ves;61115;Medlov;è.p.;46;;;69155;573029.20;1207550.38;2013-12-05T00:00:00
10007334;584665;Moravská Nová Ves;;;;;98795;Moravská Nová Ves;60992;Hlavní;è.p.;48;;;69155;572945.47;1207492.09;2013-12-05T00:00:00
10007342;584665;Moravská Nová Ves;;;;;98795;Moravská Nová Ves;60992;Hlavní;è.p.;49;;;69155;572925.08;1207504.63;2013-12-05T00:00:00
10007351;584665;Moravská Nová Ves;;;;;98795;Moravská Nová Ves;60992;Hlavní;è.p.;50;;;69155;572902.89;1207518.11;2013-12-05T00:00:00
10007369;584665;Moravská Nová Ves;;;;;98795;Moravská Nová Ves;60992;Hlavní;è.p.;51;;;69155;572881.29;1207530.03;2013-12-05T00:00:00
10007377;584665;Moravská Nová Ves;;;;;98795;Moravská Nová Ves;60992;Hlavní;è.p.;52;;;69155;572852.15;1207545.36;2013-12-05T00:00:00
10007385;584665;Moravská Nová Ves;;;;;98795;Moravská Nová Ves;60992;Hlavní;è.p.;53;;;69155;572838.16;1207552.91;2013-12-05T00:00:00
10007393;584665;Moravská Nová Ves;;;;;98795;Moravská Nová Ves;60992;Hlavní;è.p.;54;;;69155;572806.03;1207570.15;2013-12-05T00:00:00
10007407;584665;Moravská Nová Ves;;;;;98795;Moravská Nová Ves;60992;Hlavní;è.p.;55;;;69155;572771.80;1207586.22;2013-12-05T00:00:00
10007415;584665;Moravská Nová Ves;;;;;98795;Moravská Nová Ves;61042;Kamenná;è.p.;56;;;69155;572780.93;1207512.79;2013-12-05T00:00:00
10007423;584665;Moravská Nová Ves;;;;;98795;Moravská Nová Ves;60992;Hlavní;è.p.;57;;;69155;572791.29;1207535.45;2013-12-05T00:00:00
10007431;584665;Moravská Nová Ves;;;;;98795;Moravská Nová Ves;60992;Hlavní;è.p.;58;;;69155;572807.48;1207530.63;2013-12-05T00:00:00
10007440;584665;Moravská Nová Ves;;;;;98795;Moravská Nová Ves;60992;Hlavní;è.p.;60;;;69155;572838.73;1207512.73;2013-12-05T00:00:00
10007458;584665;Moravská Nová Ves;;;;;98795;Moravská Nová Ves;60992;Hlavní;è.p.;61;;;69155;572850.82;1207504.74;2013-12-05T00:00:00
10007466;584665;Moravská Nová Ves;;;;;98795;Moravská Nová Ves;60992;Hlavní;è.p.;62;;;69155;572871.85;1207491.97;2013-12-05T00:00:00
10007474;584665;Moravská Nová Ves;;;;;98795;Moravská Nová Ves;60992;Hlavní;è.p.;63;;;69155;572889.88;1207481.47;2013-12-05T00:00:00
10007482;584665;Moravská Nová Ves;;;;;98795;Moravská Nová Ves;60992;Hlavní;è.p.;64;;;69155;572896.87;1207477.45;2013-12-05T00:00:00
10007491;584665;Moravská Nová Ves;;;;;98795;Moravská Nová Ves;61263;U Jordánky;è.p.;65;;;69155;572886.12;1207365.75;2013-12-05T00:00:00
10007504;584665;Moravská Nová Ves;;;;;98795;Moravská Nová Ves;61042;Kamenná;è.p.;66;;;69155;572769.32;1207499.42;2013-12-05T00:00:00
10007512;584665;Moravská Nová Ves;;;;;98795;Moravská Nová Ves;61042;Kamenná;è.p.;67;;;69155;572772.93;1207489.72;2013-12-05T00:00:00
10007521;584665;Moravská Nová Ves;;;;;98795;Moravská Nová Ves;61042;Kamenná;è.p.;68;;;69155;572769.07;1207475.01;2013-12-05T00:00:00
10007539;584665;Moravská Nová Ves;;;;;98795;Moravská Nová Ves;61042;Kamenná;è.p.;70;;;69155;572789.81;1207466.02;2013-12-05T00:00:00
10007547;584665;Moravská Nová Ves;;;;;98795;Moravská Nová Ves;61042;Kamenná;è.p.;72;;;69155;572787.66;1207442.33;2013-12-05T00:00:00
10007563;584665;Moravská Nová Ves;;;;;98795;Moravská Nová Ves;61042;Kamenná;è.p.;74;;;69155;572792.30;1207436.49;2013-12-05T00:00:00
10007571;584665;Moravská Nová Ves;;;;;98795;Moravská Nová Ves;61018;Jana Èerného;è.p.;75;;;69155;572818.18;1207328.18;2013-12-05T00:00:00
10007580;584665;Moravská Nová Ves;;;;;98795;Moravská Nová Ves;61042;Kamenná;è.p.;76;;;69155;572811.68;1207434.38;2013-12-05T00:00:00
10007598;584665;Moravská Nová Ves;;;;;98795;Moravská Nová Ves;61042;Kamenná;è.p.;77;;;69155;572807.72;1207419.88;2013-12-05T00:00:00
10007601;584665;Moravská Nová Ves;;;;;98795;Moravská Nová Ves;61042;Kamenná;è.p.;79;;;69155;572823.19;1207418.00;2013-12-05T00:00:00
10007610;584665;Moravská Nová Ves;;;;;98795;Moravská Nová Ves;61042;Kamenná;è.p.;80;;;69155;572834.99;1207401.21;2013-12-05T00:00:00
10007628;584665;Moravská Nová Ves;;;;;98795;Moravská Nová Ves;61263;U Jordánky;è.p.;83;;;69155;572858.09;1207368.48;2013-12-05T00:00:00
10007636;584665;Moravská Nová Ves;;;;;98795;Moravská Nová Ves;61263;U Jordánky;è.p.;84;;;69155;572869.15;1207354.30;2013-12-05T00:00:00
10007644;584665;Moravská Nová Ves;;;;;98795;Moravská Nová Ves;61263;U Jordánky;è.p.;85;;;69155;572893.40;1207319.46;2013-12-05T00:00:00
10007652;584665;Moravská Nová Ves;;;;;98795;Moravská Nová Ves;61255;U Dráhy;è.p.;86;;;69155;572645.42;1207595.43;2015-11-11T00:00:00
10007679;584665;Moravská Nová Ves;;;;;98795;Moravská Nová Ves;61034;Josefovské chalupy;è.p.;87;;;69155;573442.45;1206291.32;2013-12-05T00:00:00
10007687;584665;Moravská Nová Ves;;;;;98795;Moravská Nová Ves;60992;Hlavní;è.p.;88;;;69155;572909.72;1207469.38;2013-12-05T00:00:00
10007695;584665;Moravská Nová Ves;;;;;98795;Moravská Nová Ves;60992;Hlavní;è.p.;89;;;69155;572927.85;1207458.85;2013-12-05T00:00:00
10007709;584665;Moravská Nová Ves;;;;;98795;Moravská Nová Ves;60992;Hlavní;è.p.;90;;;69155;572942.63;1207450.07;2013-12-05T00:00:00
10007717;584665;Moravská Nová Ves;;;;;98795;Moravská Nová Ves;60992;Hlavní;è.p.;91;;;69155;572958.21;1207438.36;2013-12-05T00:00:00
10007725;584665;Moravská Nová Ves;;;;;98795;Moravská Nová Ves;60992;Hlavní;è.p.;92;;;69155;572975.52;1207419.35;2013-12-05T00:00:00
10007733;584665;Moravská Nová Ves;;;;;98795;Moravská Nová Ves;61301;U Trati;è.p.;93;;;69155;572961.78;1207582.02;2013-12-05T00:00:00
10007741;584665;Moravská Nová Ves;;;;;98795;Moravská Nová Ves;60992;Hlavní;è.p.;94;;;69155;572993.94;1207397.27;2013-12-05T00:00:00
10007750;584665;Moravská Nová Ves;;;;;98795;Moravská Nová Ves;61107;Luèní;è.p.;95;;;69155;571947.57;1207835.25;2013-12-05T00:00:00
10007768;584665;Moravská Nová Ves;;;;;98795;Moravská Nová Ves;60992;Hlavní;è.p.;96;;;69155;573003.50;1207385.35;2013-12-05T00:00:00
10007776;584665;Moravská Nová Ves;;;;;98795;Moravská Nová Ves;60992;Hlavní;è.p.;97;;;69155;573012.84;1207374.03;2013-12-05T00:00:00
10007784;584665;Moravská Nová Ves;;;;;98795;Moravská Nová Ves;60992;Hlavní;è.p.;98;;;69155;573021.41;1207362.55;2013-12-05T00:00:00
10007792;584665;Moravská Nová Ves;;;;;98795;Moravská Nová Ves;60992;Hlavní;è.p.;99;;;69155;573029.21;1207354.71;2013-12-05T00:00:00
10007806;584665;Moravská Nová Ves;;;;;98795;Moravská Nová Ves;61336;V Zahradách;è.p.;100;;;69155;573581.53;1207069.62;2013-12-05T00:00:00
10007814;584665;Moravská Nová Ves;;;;;98795;Moravská Nová Ves;60992;Hlavní;è.p.;101;;;69155;573041.36;1207340.09;2013-12-05T00:00:00
10007822;584665;Moravská Nová Ves;;;;;98795;Moravská Nová Ves;61182;námìstí Republiky;è.p.;102;;;69155;573053.80;1207326.05;2013-12-05T00:00:00
10007831;584665;Moravská Nová Ves;;;;;98795;Moravská Nová Ves;61182;námìstí Republiky;è.p.;103;;;69155;573061.80;1207316.17;2013-12-05T00:00:00
10007849;584665;Moravská Nová Ves;;;;;98795;Moravská Nová Ves;61182;námìstí Republiky;è.p.;104;;;69155;573072.52;1207301.69;2013-12-05T00:00:00
10007857;584665;Moravská Nová Ves;;;;;98795;Moravská Nová Ves;61182;námìstí Republiky;è.p.;105;;;69155;573083.13;1207290.23;2013-12-05T00:00:00
10007865;584665;Moravská Nová Ves;;;;;98795;Moravská Nová Ves;61182;námìstí Republiky;è.p.;106;;;69155;573093.58;1207277.79;2013-12-05T00:00:00
10007873;584665;Moravská Nová Ves;;;;;98795;Moravská Nová Ves;61182;námìstí Republiky;è.p.;107;;;69155;573108.34;1207260.89;2013-12-05T00:00:00
10007881;584665;Moravská Nová Ves;;;;;98795;Moravská Nová Ves;61182;námìstí Republiky;è.p.;108;;;69155;573120.31;1207245.11;2013-12-05T00:00:00
10007890;584665;Moravská Nová Ves;;;;;98795;Moravská Nová Ves;60984;Dolní;è.p.;109;;;69155;573413.60;1206842.80;2013-12-05T00:00:00
10007903;584665;Moravská Nová Ves;;;;;98795;Moravská Nová Ves;61182;námìstí Republiky;è.p.;110;;;69155;573133.12;1207230.84;2013-12-05T00:00:00
10007911;584665;Moravská Nová Ves;;;;;98795;Moravská Nová Ves;60984;Dolní;è.p.;111;;;69155;573437.39;1206871.40;2013-12-05T00:00:00
10007920;584665;Moravská Nová Ves;;;;;98795;Moravská Nová Ves;61182;námìstí Republiky;è.p.;112;;;69155;573141.44;1207220.26;2013-12-05T00:00:00
10007938;584665;Moravská Nová Ves;;;;;98795;Moravská Nová Ves;61174;Na Výsluní;è.p.;113;;;69155;572507.01;1207506.25;2013-12-05T00:00:00
10007946;584665;Moravská Nová Ves;;;;;98795;Moravská Nová Ves;61182;námìstí Republiky;è.p.;114;;;69155;573152.24;1207206.73;2013-12-05T00:00:00
10007954;584665;Moravská Nová Ves;;;;;98795;Moravská Nová Ves;60984;Dolní;è.p.;115;;;69155;573384.78;1206886.79;2013-12-05T00:00:00
10007962;584665;Moravská Nová Ves;;;;;98795;Moravská Nová Ves;61182;námìstí Republiky;è.p.;116;;;69155;573163.55;1207193.42;2013-12-05T00:00:00
10007971;584665;Moravská Nová Ves;;;;;98795;Moravská Nová Ves;61182;námìstí Republiky;è.p.;117;;;69155;573176.28;1207180.18;2013-12-05T00:00:00
10007989;584665;Moravská Nová Ves;;;;;98795;Moravská Nová Ves;60984;Dolní;è.p.;118;;;69155;573190.78;1207158.66;2013-12-05T00:00:00
10007997;584665;Moravská Nová Ves;;;;;98795;Moravská Nová Ves;61174;Na Výsluní;è.p.;119;;;69155;572564.92;1207418.46;2013-12-05T00:00:00
10008012;584665;Moravská Nová Ves;;;;;98795;Moravská Nová Ves;60984;Dolní;è.p.;121;;;69155;573218.11;1207130.08;2013-12-05T00:00:00
10008021;584665;Moravská Nová Ves;;;;;98795;Moravská Nová Ves;60984;Dolní;è.p.;122;;;69155;573229.90;1207114.02;2013-12-05T00:00:00
10008039;584665;Moravská Nová Ves;;;;;98795;Moravská Nová Ves;60984;Dolní;è.p.;123;;;69155;573237.57;1207105.36;2013-12-05T00:00:00
10008047;584665;Moravská Nová Ves;;;;;98795;Moravská Nová Ves;60984;Dolní;è.p.;124;;;69155;573257.47;1207075.47;2013-12-05T00:00:00
10008055;584665;Moravská Nová Ves;;;;;98795;Moravská Nová Ves;60984;Dolní;è.p.;125;;;69155;573268.39;1207059.22;2013-12-05T00:00:00
10008063;584665;Moravská Nová Ves;;;;;98795;Moravská Nová Ves;60984;Dolní;è.p.;126;;;69155;573262.82;1207066.62;2013-12-05T00:00:00
10008071;584665;Moravská Nová Ves;;;;;98795;Moravská Nová Ves;60984;Dolní;è.p.;127;;;69155;573280.67;1207041.77;2013-12-05T00:00:00
10008080;584665;Moravská Nová Ves;;;;;98795;Moravská Nová Ves;60984;Dolní;è.p.;128;;;69155;573287.58;1207030.97;2013-12-05T00:00:00
10008098;584665;Moravská Nová Ves;;;;;98795;Moravská Nová Ves;60984;Dolní;è.p.;129;;;69155;573294.28;1207021.43;2013-12-05T00:00:00
10008101;584665;Moravská Nová Ves;;;;;98795;Moravská Nová Ves;60984;Dolní;è.p.;130;;;69155;573305.65;1207005.28;2013-12-05T00:00:00
10008110;584665;Moravská Nová Ves;;;;;98795;Moravská Nová Ves;60984;Dolní;è.p.;131;;;69155;573321.58;1206981.00;2013-12-05T00:00:00
10008128;584665;Moravská Nová Ves;;;;;98795;Moravská Nová Ves;60984;Dolní;è.p.;132;;;69155;573328.17;1206971.36;2013-12-05T00:00:00
10008136;584665;Moravská Nová Ves;;;;;98795;Moravská Nová Ves;60984;Dolní;è.p.;133;;;69155;573340.87;1206952.69;2013-12-05T00:00:00
10008144;584665;Moravská Nová Ves;;;;;98795;Moravská Nová Ves;60984;Dolní;è.p.;134;;;69155;573347.34;1206942.92;2013-12-05T00:00:00
10008152;584665;Moravská Nová Ves;;;;;98795;Moravská Nová Ves;60984;Dolní;è.p.;135;;;69155;573358.04;1206928.33;2013-12-05T00:00:00
10008161;584665;Moravská Nová Ves;;;;;98795;Moravská Nová Ves;60984;Dolní;è.p.;136;;;69155;573368.87;1206911.95;2013-12-05T00:00:00
10008179;584665;Moravská Nová Ves;;;;;98795;Moravská Nová Ves;60984;Dolní;è.p.;137;;;69155;573374.11;1206903.93;2013-12-05T00:00:00
10008187;584665;Moravská Nová Ves;;;;;98795;Moravská Nová Ves;60984;Dolní;è.p.;138;;;69155;573379.66;1206894.53;2013-12-05T00:00:00
10008195;584665;Moravská Nová Ves;;;;;98795;Moravská Nová Ves;60984;Dolní;è.p.;139;;;69155;573389.12;1206879.75;2013-12-05T00:00:00
10008209;584665;Moravská Nová Ves;;;;;98795;Moravská Nová Ves;60984;Dolní;è.p.;140;;;69155;573398.51;1206865.17;2013-12-05T00:00:00
10008217;584665;Moravská Nová Ves;;;;;98795;Moravská Nová Ves;60984;Dolní;è.p.;141;;;69155;573403.58;1206857.72;2013-12-05T00:00:00
10008225;584665;Moravská Nová Ves;;;;;98795;Moravská Nová Ves;60984;Dolní;è.p.;142;;;69155;573408.55;1206849.86;2013-12-05T00:00:00
10008241;584665;Moravská Nová Ves;;;;;98795;Moravská Nová Ves;60984;Dolní;è.p.;145;;;69155;573425.14;1206824.11;2013-12-05T00:00:00
10008250;584665;Moravská Nová Ves;;;;;98795;Moravská Nová Ves;60984;Dolní;è.p.;146;;;69155;573433.74;1206811.64;2013-12-05T00:00:00
10008268;584665;Moravská Nová Ves;;;;;98795;Moravská Nová Ves;60984;Dolní;è.p.;147;;;69155;573450.04;1206787.01;2013-12-05T00:00:00
10008276;584665;Moravská Nová Ves;;;;;98795;Moravská Nová Ves;60984;Dolní;è.p.;148;;;69155;573455.54;1206771.36;2013-12-05T00:00:00
10008284;584665;Moravská Nová Ves;;;;;98795;Moravská Nová Ves;60984;Dolní;è.p.;149;;;69155;573464.24;1206762.32;2013-12-05T00:00:00
10008292;584665;Moravská Nová Ves;;;;;98795;Moravská Nová Ves;60984;Dolní;è.p.;150;;;69155;573472.12;1206753.35;2013-12-05T00:00:00
10008306;584665;Moravská Nová Ves;;;;;98795;Moravská Nová Ves;60984;Dolní;è.p.;151;;;69155;573477.95;1206740.45;2013-12-05T00:00:00
10008322;584665;Moravská Nová Ves;;;;;98795;Moravská Nová Ves;60984;Dolní;è.p.;153;;;69155;573499.67;1206712.84;2013-12-05T00:00:00
10008331;584665;Moravská Nová Ves;;;;;98795;Moravská Nová Ves;61336;V Zahradách;è.p.;154;;;69155;573581.71;1207036.29;2013-12-05T00:00:00
10008349;584665;Moravská Nová Ves;;;;;98795;Moravská Nová Ves;61174;Na Výsluní;è.p.;155;;;69155;572619.61;1207401.10;2013-12-05T00:00:00
10008357;584665;Moravská Nová Ves;;;;;98795;Moravská Nová Ves;61158;Na Rynku;è.p.;156;;;69155;573531.28;1206667.72;2013-12-05T00:00:00
10008365;584665;Moravská Nová Ves;;;;;98795;Moravská Nová Ves;61158;Na Rynku;è.p.;157;;;69155;573541.10;1206652.21;2013-12-05T00:00:00
10008373;584665;Moravská Nová Ves;;;;;98795;Moravská Nová Ves;61158;Na Rynku;è.p.;158;;;69155;573548.98;1206641.96;2013-12-05T00:00:00
10008381;584665;Moravská Nová Ves;;;;;98795;Moravská Nová Ves;61158;Na Rynku;è.p.;159;;;69155;573552.69;1206635.90;2013-12-05T00:00:00
10008390;584665;Moravská Nová Ves;;;;;98795;Moravská Nová Ves;61158;Na Rynku;è.p.;160;;;69155;573560.84;1206623.71;2013-12-05T00:00:00
10008403;584665;Moravská Nová Ves;;;;;98795;Moravská Nová Ves;61158;Na Rynku;è.p.;161;;;69155;573569.14;1206612.07;2013-12-05T00:00:00
10008411;584665;Moravská Nová Ves;;;;;98795;Moravská Nová Ves;61158;Na Rynku;è.p.;162;;;69155;573581.20;1206592.10;2013-12-05T00:00:00
10008420;584665;Moravská Nová Ves;;;;;98795;Moravská Nová Ves;61158;Na Rynku;è.p.;163;;;69155;573592.48;1206576.55;2013-12-05T00:00:00
10008438;584665;Moravská Nová Ves;;;;;98795;Moravská Nová Ves;61158;Na Rynku;è.p.;164;;;69155;573599.81;1206564.87;2013-12-05T00:00:00
10008446;584665;Moravská Nová Ves;;;;;98795;Moravská Nová Ves;61158;Na Rynku;è.p.;165;;;69155;573609.92;1206549.75;2013-12-05T00:00:00
10008454;584665;Moravská Nová Ves;;;;;98795;Moravská Nová Ves;61158;Na Rynku;è.p.;166;;;69155;573620.98;1206532.80;2013-12-05T00:00:00
10008462;584665;Moravská Nová Ves;;;;;98795;Moravská Nová Ves;61158;Na Rynku;è.p.;167;;;69155;573629.65;1206520.54;2013-12-05T00:00:00
10008471;584665;Moravská Nová Ves;;;;;98795;Moravská Nová Ves;61158;Na Rynku;è.p.;168;;;69155;573637.19;1206509.08;2013-12-05T00:00:00
10008489;584665;Moravská Nová Ves;;;;;98795;Moravská Nová Ves;61158;Na Rynku;è.p.;169;;;69155;573642.21;1206501.63;2013-12-05T00:00:00
10008497;584665;Moravská Nová Ves;;;;;98795;Moravská Nová Ves;60984;Dolní;è.p.;170;;;69155;573514.71;1206737.26;2013-12-05T00:00:00
10008501;584665;Moravská Nová Ves;;;;;98795;Moravská Nová Ves;61158;Na Rynku;è.p.;171;;;69155;573649.48;1206490.75;2013-12-05T00:00:00
10008519;584665;Moravská Nová Ves;;;;;98795;Moravská Nová Ves;61093;Lipová;è.p.;172;;;69155;573496.95;1206986.05;2013-12-05T00:00:00
10008527;584665;Moravská Nová Ves;;;;;98795;Moravská Nová Ves;61158;Na Rynku;è.p.;173;;;69155;573657.18;1206483.49;2013-12-05T00:00:00
10008535;584665;Moravská Nová Ves;;;;;98795;Moravská Nová Ves;61158;Na Rynku;è.p.;174;;;69155;573665.07;1206462.87;2013-12-05T00:00:00
10008543;584665;Moravská Nová Ves;;;;;98795;Moravská Nová Ves;61352;Vítìzství;è.p.;176;;;69155;573389.33;1206575.98;2013-12-05T00:00:00
10008551;584665;Moravská Nová Ves;;;;;98795;Moravská Nová Ves;61352;Vítìzství;è.p.;177;;;69155;573396.44;1206561.69;2013-12-05T00:00:00
10008560;584665;Moravská Nová Ves;;;;;98795;Moravská Nová Ves;61352;Vítìzství;è.p.;178;;;69155;573290.19;1206762.24;2013-12-05T00:00:00
10008578;584665;Moravská Nová Ves;;;;;98795;Moravská Nová Ves;61352;Vítìzství;è.p.;179;;;69155;573402.40;1206546.55;2013-12-05T00:00:00
10008586;584665;Moravská Nová Ves;;;;;98795;Moravská Nová Ves;61018;Jana Èerného;è.p.;180;;;69155;572521.69;1207039.25;2013-12-05T00:00:00
10008608;584665;Moravská Nová Ves;;;;;98795;Moravská Nová Ves;61018;Jana Èerného;è.p.;182;;;69155;572532.23;1207053.28;2013-12-05T00:00:00
10008616;584665;Moravská Nová Ves;;;;;98795;Moravská Nová Ves;61034;Josefovské chalupy;è.p.;183;;;69155;573396.64;1206499.32;2013-12-05T00:00:00
10008624;584665;Moravská Nová Ves;;;;;98795;Moravská Nová Ves;61034;Josefovské chalupy;è.p.;185;;;69155;573414.72;1206478.07;2013-12-05T00:00:00
10008632;584665;Moravská Nová Ves;;;;;98795;Moravská Nová Ves;61034;Josefovské chalupy;è.p.;186;;;69155;573415.68;1206467.95;2013-12-05T00:00:00
10008659;584665;Moravská Nová Ves;;;;;98795;Moravská Nová Ves;61034;Josefovské chalupy;è.p.;188;;;69155;573418.19;1206436.88;2013-12-05T00:00:00
10008667;584665;Moravská Nová Ves;;;;;98795;Moravská Nová Ves;61328;Úzká;è.p.;190;;;69155;573720.67;1206618.76;2013-12-05T00:00:00
10008675;584665;Moravská Nová Ves;;;;;98795;Moravská Nová Ves;61328;Úzká;è.p.;191;;;69155;573703.82;1206613.57;2013-12-05T00:00:00
10008683;584665;Moravská Nová Ves;;;;;98795;Moravská Nová Ves;61018;Jana Èerného;è.p.;192;;;69155;572544.56;1207068.40;2013-12-05T00:00:00
10008691;584665;Moravská Nová Ves;;;;;98795;Moravská Nová Ves;61026;Jochovská;è.p.;193;;;69155;573718.24;1206589.53;2013-12-05T00:00:00
10008705;584665;Moravská Nová Ves;;;;;98795;Moravská Nová Ves;61328;Úzká;è.p.;194;;;69155;573688.50;1206583.98;2013-12-05T00:00:00
10008713;584665;Moravská Nová Ves;;;;;98795;Moravská Nová Ves;61158;Na Rynku;è.p.;195;;;69155;573689.24;1206598.29;2013-12-05T00:00:00
10008721;584665;Moravská Nová Ves;;;;;98795;Moravská Nová Ves;61158;Na Rynku;è.p.;196;;;69155;573672.55;1206598.92;2013-12-05T00:00:00
10008748;584665;Moravská Nová Ves;;;;;98795;Moravská Nová Ves;61158;Na Rynku;è.p.;198;;;69155;573642.30;1206617.23;2013-12-05T00:00:00
10008756;584665;Moravská Nová Ves;;;;;98795;Moravská Nová Ves;61158;Na Rynku;è.p.;199;;;69155;573632.22;1206623.07;2013-12-05T00:00:00
10008764;584665;Moravská Nová Ves;;;;;98795;Moravská Nová Ves;61158;Na Rynku;è.p.;200;;;69155;573610.48;1206638.36;2013-12-05T00:00:00
10008772;584665;Moravská Nová Ves;;;;;98795;Moravská Nová Ves;61158;Na Rynku;è.p.;201;;;69155;573587.45;1206654.01;2013-12-05T00:00:00
10008781;584665;Moravská Nová Ves;;;;;98795;Moravská Nová Ves;61158;Na Rynku;è.p.;202;;;69155;573561.83;1206684.45;2013-12-05T00:00:00
10008799;584665;Moravská Nová Ves;;;;;98795;Moravská Nová Ves;60984;Dolní;è.p.;203;;;69155;573547.05;1206692.69;2013-12-05T00:00:00
10008802;584665;Moravská Nová Ves;;;;;98795;Moravská Nová Ves;60984;Dolní;è.p.;204;;;69155;573538.78;1206704.51;2013-12-05T00:00:00
10008811;584665;Moravská Nová Ves;;;;;98795;Moravská Nová Ves;60984;Dolní;è.p.;205;;;69155;573530.67;1206713.68;2013-12-05T00:00:00
10008829;584665;Moravská Nová Ves;;;;;98795;Moravská Nová Ves;60984;Dolní;è.p.;206;;;69155;573523.28;1206725.01;2013-12-05T00:00:00
10008837;584665;Moravská Nová Ves;;;;;98795;Moravská Nová Ves;61280;U Sokolovny;è.p.;207;;;69155;572845.37;1207190.16;2013-12-05T00:00:00
10008845;584665;Moravská Nová Ves;;;;;98795;Moravská Nová Ves;60984;Dolní;è.p.;208;;;69155;573508.22;1206746.92;2013-12-05T00:00:00
10008853;584665;Moravská Nová Ves;;;;;98795;Moravská Nová Ves;60984;Dolní;è.p.;209;;;69155;573501.37;1206756.71;2013-12-05T00:00:00
10008870;584665;Moravská Nová Ves;;;;;98795;Moravská Nová Ves;61336;V Zahradách;è.p.;211;;;69155;573528.62;1207124.18;2013-12-05T00:00:00
10008896;584665;Moravská Nová Ves;;;;;98795;Moravská Nová Ves;60984;Dolní;è.p.;213;;;69155;573466.95;1206817.69;2013-12-05T00:00:00
10008900;584665;Moravská Nová Ves;;;;;98795;Moravská Nová Ves;60984;Dolní;è.p.;214;;;69155;573455.03;1206839.18;2013-12-05T00:00:00
10008918;584665;Moravská Nová Ves;;;;;98795;Moravská Nová Ves;60984;Dolní;è.p.;215;;;69155;573442.30;1206862.27;2013-12-05T00:00:00
10008926;584665;Moravská Nová Ves;;;;;98795;Moravská Nová Ves;60984;Dolní;è.p.;216;;;69155;573431.45;1206881.77;2013-12-05T00:00:00
10008934;584665;Moravská Nová Ves;;;;;98795;Moravská Nová Ves;60984;Dolní;è.p.;217;;;69155;573421.88;1206902.44;2013-12-05T00:00:00
10008942;584665;Moravská Nová Ves;;;;;98795;Moravská Nová Ves;60984;Dolní;è.p.;218;;;69155;573412.32;1206916.12;2013-12-05T00:00:00
10008951;584665;Moravská Nová Ves;;;;;98795;Moravská Nová Ves;61093;Lipová;è.p.;219;;;69155;573491.49;1206995.92;2013-12-05T00:00:00
10008969;584665;Moravská Nová Ves;;;;;98795;Moravská Nová Ves;60984;Dolní;è.p.;220;;;69155;573400.81;1206935.47;2013-12-05T00:00:00
10008977;584665;Moravská Nová Ves;;;;;98795;Moravská Nová Ves;60984;Dolní;è.p.;221;;;69155;573389.25;1206958.81;2013-12-05T00:00:00
10008985;584665;Moravská Nová Ves;;;;;98795;Moravská Nová Ves;61123;Na Koncích;è.p.;222;;;69155;573795.80;1206331.24;2013-12-05T00:00:00
10008993;584665;Moravská Nová Ves;;;;;98795;Moravská Nová Ves;60984;Dolní;è.p.;223;;;69155;573371.89;1206981.49;2013-12-05T00:00:00
10009001;584665;Moravská Nová Ves;;;;;98795;Moravská Nová Ves;60984;Dolní;è.p.;224;;;69155;573361.10;1207000.73;2013-12-05T00:00:00
10009019;584665;Moravská Nová Ves;;;;;98795;Moravská Nová Ves;60984;Dolní;è.p.;225;;;69155;573353.77;1207012.30;2013-12-05T00:00:00
10009027;584665;Moravská Nová Ves;;;;;98795;Moravská Nová Ves;60984;Dolní;è.p.;226;;;69155;573347.41;1207022.57;2013-12-05T00:00:00
10009035;584665;Moravská Nová Ves;;;;;98795;Moravská Nová Ves;60984;Dolní;è.p.;227;;;69155;573340.67;1207034.21;2013-12-05T00:00:00
10009043;584665;Moravská Nová Ves;;;;;98795;Moravská Nová Ves;60984;Dolní;è.p.;228;;;69155;573330.41;1207050.70;2013-12-05T00:00:00
10009051;584665;Moravská Nová Ves;;;;;98795;Moravská Nová Ves;60984;Dolní;è.p.;229;;;69155;573319.01;1207067.40;2013-12-05T00:00:00
10009060;584665;Moravská Nová Ves;;;;;98795;Moravská Nová Ves;60984;Dolní;è.p.;230;;;69155;573312.97;1207075.14;2013-12-05T00:00:00
10009078;584665;Moravská Nová Ves;;;;;98795;Moravská Nová Ves;60984;Dolní;è.p.;231;;;69155;573307.01;1207083.72;2013-12-05T00:00:00
10009086;584665;Moravská Nová Ves;;;;;98795;Moravská Nová Ves;60984;Dolní;è.p.;232;;;69155;573301.36;1207091.43;2013-12-05T00:00:00
10009094;584665;Moravská Nová Ves;;;;;98795;Moravská Nová Ves;60984;Dolní;è.p.;233;;;69155;573292.00;1207104.22;2013-12-05T00:00:00
10009108;584665;Moravská Nová Ves;;;;;98795;Moravská Nová Ves;60984;Dolní;è.p.;234;;;69155;573280.36;1207119.32;2013-12-05T00:00:00
10009116;584665;Moravská Nová Ves;;;;;98795;Moravská Nová Ves;61093;Lipová;è.p.;235;;;69155;573563.63;1206918.16;2013-12-05T00:00:00
10009124;584665;Moravská Nová Ves;;;;;98795;Moravská Nová Ves;60984;Dolní;è.p.;236;;;69155;573262.47;1207147.29;2013-12-05T00:00:00
10009132;584665;Moravská Nová Ves;;;;;98795;Moravská Nová Ves;60984;Dolní;è.p.;237;;;69155;573257.18;1207154.76;2013-12-05T00:00:00
10009141;584665;Moravská Nová Ves;;;;;98795;Moravská Nová Ves;61263;U Jordánky;è.p.;238;;;69155;572923.24;1207273.99;2013-12-05T00:00:00
10009159;584665;Moravská Nová Ves;;;;;98795;Moravská Nová Ves;60984;Dolní;è.p.;239;;;69155;573231.50;1207197.16;2013-12-05T00:00:00
10009175;584665;Moravská Nová Ves;;;;;98795;Moravská Nová Ves;61093;Lipová;è.p.;241;;;69155;573401.88;1207181.36;2013-12-05T00:00:00
10009213;584665;Moravská Nová Ves;;;;;98795;Moravská Nová Ves;61093;Lipová;è.p.;245;;;69155;573519.95;1206990.71;2013-12-05T00:00:00
10009221;584665;Moravská Nová Ves;;;;;98795;Moravská Nová Ves;61093;Lipová;è.p.;246;;;69155;573527.17;1206979.21;2013-12-05T00:00:00
10009230;584665;Moravská Nová Ves;;;;;98795;Moravská Nová Ves;61158;Na Rynku;è.p.;248;;;69155;573601.09;1206647.11;2013-12-05T00:00:00
10009248;584665;Moravská Nová Ves;;;;;98795;Moravská Nová Ves;61034;Josefovské chalupy;è.p.;249;;;69155;573403.20;1206386.21;2013-12-05T00:00:00
10009256;584665;Moravská Nová Ves;;;;;98795;Moravská Nová Ves;61034;Josefovské chalupy;è.p.;250;;;69155;573420.35;1206417.35;2013-12-05T00:00:00
10009264;584665;Moravská Nová Ves;;;;;98795;Moravská Nová Ves;61034;Josefovské chalupy;è.p.;251;;;69155;573421.98;1206405.02;2013-12-05T00:00:00
10009272;584665;Moravská Nová Ves;;;;;98795;Moravská Nová Ves;61034;Josefovské chalupy;è.p.;252;;;69155;573426.39;1206379.71;2013-12-05T00:00:00
10009281;584665;Moravská Nová Ves;;;;;98795;Moravská Nová Ves;61034;Josefovské chalupy;è.p.;253;;;69155;573432.11;1206355.47;2013-12-05T00:00:00
10009299;584665;Moravská Nová Ves;;;;;98795;Moravská Nová Ves;61034;Josefovské chalupy;è.p.;254;;;69155;573438.37;1206329.87;2013-12-05T00:00:00
10009302;584665;Moravská Nová Ves;;;;;98795;Moravská Nová Ves;61034;Josefovské chalupy;è.p.;255;;;69155;573446.88;1206395.12;2013-12-05T00:00:00
10009311;584665;Moravská Nová Ves;;;;;98795;Moravská Nová Ves;61034;Josefovské chalupy;è.p.;256;;;69155;573442.52;1206423.09;2013-12-05T00:00:00
10009329;584665;Moravská Nová Ves;;;;;98795;Moravská Nová Ves;61093;Lipová;è.p.;257;;;69155;573537.68;1206961.36;2013-12-05T00:00:00
10009337;584665;Moravská Nová Ves;;;;;98795;Moravská Nová Ves;61034;Josefovské chalupy;è.p.;258;;;69155;573451.37;1206375.44;2013-12-05T00:00:00
10009345;584665;Moravská Nová Ves;;;;;98795;Moravská Nová Ves;61093;Lipová;è.p.;259;;;69155;573447.61;1207120.33;2013-12-05T00:00:00
10009353;584665;Moravská Nová Ves;;;;;98795;Moravská Nová Ves;61093;Lipová;è.p.;260;;;69155;573435.38;1207138.20;2013-12-05T00:00:00
10009361;584665;Moravská Nová Ves;;;;;98795;Moravská Nová Ves;61093;Lipová;è.p.;261;;;69155;573430.89;1207144.58;2013-12-05T00:00:00
10009370;584665;Moravská Nová Ves;;;;;98795;Moravská Nová Ves;61093;Lipová;è.p.;262;;;69155;573420.22;1207158.46;2013-12-05T00:00:00
10009388;584665;Moravská Nová Ves;;;;;98795;Moravská Nová Ves;60992;Hlavní;è.p.;263;;;69155;572759.98;1207591.72;2013-12-05T00:00:00
10009396;584665;Moravská Nová Ves;;;;;98795;Moravská Nová Ves;61093;Lipová;è.p.;264;;;69155;573497.97;1207054.11;2013-12-05T00:00:00
10009400;584665;Moravská Nová Ves;;;;;98795;Moravská Nová Ves;60992;Hlavní;è.p.;265;;;69155;573014.30;1207417.84;2013-12-05T00:00:00
10009418;584665;Moravská Nová Ves;;;;;98795;Moravská Nová Ves;61191;Nárožní;è.p.;266;;;69155;572999.71;1207529.35;2013-12-05T00:00:00
10009426;584665;Moravská Nová Ves;;;;;98795;Moravská Nová Ves;61182;námìstí Republiky;è.p.;267;;;69155;573198.75;1207256.84;2013-12-05T00:00:00
10009434;584665;Moravská Nová Ves;;;;;98795;Moravská Nová Ves;60984;Dolní;è.p.;268;;;69155;573211.12;1207139.44;2013-12-05T00:00:00
10009442;584665;Moravská Nová Ves;;;;;98795;Moravská Nová Ves;60992;Hlavní;è.p.;269;;;69155;572913.20;1207511.61;2013-12-05T00:00:00
10009451;584665;Moravská Nová Ves;;;;;98795;Moravská Nová Ves;60984;Dolní;è.p.;270;;;69155;573353.48;1206934.34;2013-12-05T00:00:00
10009469;584665;Moravská Nová Ves;;;;;98795;Moravská Nová Ves;61140;Na Mlatì;è.p.;271;;;69155;573581.33;1206389.84;2013-12-05T00:00:00
10009477;584665;Moravská Nová Ves;;;;;98795;Moravská Nová Ves;61093;Lipová;è.p.;272;;;69155;573732.20;1206614.99;2013-12-05T00:00:00
10009485;584665;Moravská Nová Ves;;;;;98795;Moravská Nová Ves;61034;Josefovské chalupy;è.p.;273;;;69155;573441.72;1206432.52;2013-12-05T00:00:00
10009493;584665;Moravská Nová Ves;;;;;98795;Moravská Nová Ves;61034;Josefovské chalupy;è.p.;274;;;69155;573441.70;1206447.49;2013-12-05T00:00:00
10009507;584665;Moravská Nová Ves;;;;;98795;Moravská Nová Ves;61034;Josefovské chalupy;è.p.;275;;;69155;573438.90;1206457.37;2013-12-05T00:00:00
10009515;584665;Moravská Nová Ves;;;;;98795;Moravská Nová Ves;61034;Josefovské chalupy;è.p.;276;;;69155;573455.68;1206367.93;2013-12-05T00:00:00
10009523;584665;Moravská Nová Ves;;;;;98795;Moravská Nová Ves;61034;Josefovské chalupy;è.p.;277;;;69155;573457.94;1206358.96;2013-12-05T00:00:00
10009531;584665;Moravská Nová Ves;;;;;98795;Moravská Nová Ves;61093;Lipová;è.p.;279;;;69155;573551.46;1206892.78;2013-12-05T00:00:00
10009540;584665;Moravská Nová Ves;;;;;98795;Moravská Nová Ves;61077;Kukvická;è.p.;280;;;69155;573505.83;1206403.82;2013-12-05T00:00:00
10009566;584665;Moravská Nová Ves;;;;;98795;Moravská Nová Ves;61085;Kvìtná;è.p.;282;;;69155;573450.86;1207147.81;2013-12-05T00:00:00
10009574;584665;Moravská Nová Ves;;;;;98795;Moravská Nová Ves;61140;Na Mlatì;è.p.;283;;;69155;573511.22;1206474.26;2013-12-05T00:00:00
10009582;584665;Moravská Nová Ves;;;;;98795;Moravská Nová Ves;61034;Josefovské chalupy;è.p.;284;;;69155;573428.58;1206529.82;2013-12-05T00:00:00
10009591;584665;Moravská Nová Ves;;;;;98795;Moravská Nová Ves;61352;Vítìzství;è.p.;285;;;69155;573325.23;1206698.78;2013-12-05T00:00:00
10009604;584665;Moravská Nová Ves;;;;;98795;Moravská Nová Ves;61034;Josefovské chalupy;è.p.;286;;;69155;573438.70;1206314.60;2013-12-05T00:00:00
10009612;584665;Moravská Nová Ves;;;;;98795;Moravská Nová Ves;61034;Josefovské chalupy;è.p.;287;;;69155;573440.00;1206306.59;2013-12-05T00:00:00
10009621;584665;Moravská Nová Ves;;;;;98795;Moravská Nová Ves;61034;Josefovské chalupy;è.p.;288;;;69155;573437.18;1206469.72;2013-12-05T00:00:00
10009639;584665;Moravská Nová Ves;;;;;98795;Moravská Nová Ves;61077;Kukvická;è.p.;289;;;69155;573501.10;1206417.43;2013-12-05T00:00:00
10009647;584665;Moravská Nová Ves;;;;;98795;Moravská Nová Ves;61077;Kukvická;è.p.;290;;;69155;573488.28;1206413.86;2013-12-05T00:00:00
10009655;584665;Moravská Nová Ves;;;;;98795;Moravská Nová Ves;61077;Kukvická;è.p.;291;;;69155;573476.93;1206410.98;2013-12-05T00:00:00
10009663;584665;Moravská Nová Ves;;;;;98795;Moravská Nová Ves;61158;Na Rynku;è.p.;292;;;69155;573654.75;1206603.54;2013-12-05T00:00:00
10009671;584665;Moravská Nová Ves;;;;;98795;Moravská Nová Ves;60992;Hlavní;è.p.;293;;;69155;572763.48;1207544.07;2013-12-05T00:00:00
10009680;584665;Moravská Nová Ves;;;;;98795;Moravská Nová Ves;61204;Pod Kostelem;è.p.;294;;;69155;573272.51;1207335.57;2013-12-05T00:00:00
10009698;584665;Moravská Nová Ves;;;;;98795;Moravská Nová Ves;61239;Sadová;è.p.;295;;;69155;573149.62;1207700.62;2013-12-05T00:00:00
10009701;584665;Moravská Nová Ves;;;;;98795;Moravská Nová Ves;61077;Kukvická;è.p.;296;;;69155;573485.99;1206394.68;2013-12-05T00:00:00
10009710;584665;Moravská Nová Ves;;;;;98795;Moravská Nová Ves;61093;Lipová;è.p.;297;;;69155;573459.91;1207102.01;2013-12-05T00:00:00
10009736;584665;Moravská Nová Ves;;;;;98795;Moravská Nová Ves;61077;Kukvická;è.p.;299;;;69155;573539.34;1206447.28;2013-12-05T00:00:00
10009744;584665;Moravská Nová Ves;;;;;98795;Moravská Nová Ves;61239;Sadová;è.p.;300;;;69155;573209.01;1207559.79;2013-12-05T00:00:00
10009752;584665;Moravská Nová Ves;;;;;98795;Moravská Nová Ves;61077;Kukvická;è.p.;301;;;69155;573514.03;1206407.14;2013-12-05T00:00:00
10009779;584665;Moravská Nová Ves;;;;;98795;Moravská Nová Ves;61034;Josefovské chalupy;è.p.;303;;;69155;573462.96;1206344.68;2013-12-05T00:00:00
10009787;584665;Moravská Nová Ves;;;;;98795;Moravská Nová Ves;61077;Kukvická;è.p.;304;;;69155;573499.95;1206400.87;2013-12-05T00:00:00
10009795;584665;Moravská Nová Ves;;;;;98795;Moravská Nová Ves;61093;Lipová;è.p.;305;;;69155;573509.97;1207007.63;2013-12-05T00:00:00
10009817;584665;Moravská Nová Ves;;;;;98795;Moravská Nová Ves;60992;Hlavní;è.p.;307;;;69155;572725.14;1207607.95;2013-12-05T00:00:00
10009825;584665;Moravská Nová Ves;;;;;98795;Moravská Nová Ves;61140;Na Mlatì;è.p.;308;;;69155;573568.75;1206415.39;2013-12-05T00:00:00
10009833;584665;Moravská Nová Ves;;;;;98795;Moravská Nová Ves;60984;Dolní;è.p.;309;;;69155;573334.48;1206962.36;2013-12-05T00:00:00
10009841;584665;Moravská Nová Ves;;;;;98795;Moravská Nová Ves;61140;Na Mlatì;è.p.;310;;;69155;573501.39;1206488.72;2016-03-11T00:00:00
10009868;584665;Moravská Nová Ves;;;;;98795;Moravská Nová Ves;61280;U Sokolovny;è.p.;312;;;69155;572847.42;1207155.81;2013-12-05T00:00:00
10009876;584665;Moravská Nová Ves;;;;;98795;Moravská Nová Ves;61204;Pod Kostelem;è.p.;313;;;69155;573310.38;1207293.05;2013-12-05T00:00:00
10009884;584665;Moravská Nová Ves;;;;;98795;Moravská Nová Ves;61204;Pod Kostelem;è.p.;314;;;69155;573290.66;1207315.01;2013-12-05T00:00:00
10009892;584665;Moravská Nová Ves;;;;;98795;Moravská Nová Ves;61280;U Sokolovny;è.p.;315;;;69155;572857.00;1207179.18;2013-12-05T00:00:00
10009906;584665;Moravská Nová Ves;;;;;98795;Moravská Nová Ves;60992;Hlavní;è.p.;316;;;69155;572688.58;1207624.30;2013-12-05T00:00:00
10009914;584665;Moravská Nová Ves;;;;;98795;Moravská Nová Ves;61204;Pod Kostelem;è.p.;317;;;69155;573303.34;1207302.03;2013-12-05T00:00:00
10009922;584665;Moravská Nová Ves;;;;;98795;Moravská Nová Ves;61344;Vinohradská;è.p.;318;;;69155;572688.69;1207699.58;2013-12-05T00:00:00
10009931;584665;Moravská Nová Ves;;;;;98795;Moravská Nová Ves;61166;Na Øádku;è.p.;319;;;69155;573318.99;1207353.06;2013-12-05T00:00:00
10009957;584665;Moravská Nová Ves;;;;;98795;Moravská Nová Ves;61352;Vítìzství;è.p.;322;;;69155;573383.40;1206587.97;2013-12-05T00:00:00
10009965;584665;Moravská Nová Ves;;;;;98795;Moravská Nová Ves;61352;Vítìzství;è.p.;324;;;69155;573378.20;1206597.96;2013-12-05T00:00:00
10009973;584665;Moravská Nová Ves;;;;;98795;Moravská Nová Ves;61093;Lipová;è.p.;325;;;69155;573651.57;1206744.75;2013-12-05T00:00:00
10009981;584665;Moravská Nová Ves;;;;;98795;Moravská Nová Ves;61000;Hliník;è.p.;326;;;69155;573554.07;1206359.49;2013-12-05T00:00:00
10009990;584665;Moravská Nová Ves;;;;;98795;Moravská Nová Ves;61140;Na Mlatì;è.p.;327;;;69155;573586.33;1206381.48;2013-12-05T00:00:00
10010009;584665;Moravská Nová Ves;;;;;98795;Moravská Nová Ves;61026;Jochovská;è.p.;328;;;69155;573735.97;1206573.32;2013-12-05T00:00:00
10010017;584665;Moravská Nová Ves;;;;;98795;Moravská Nová Ves;61026;Jochovská;è.p.;329;;;69155;573758.07;1206579.93;2013-12-05T00:00:00
10010025;584665;Moravská Nová Ves;;;;;98795;Moravská Nová Ves;61093;Lipová;è.p.;330;;;69155;573607.08;1206833.70;2013-12-05T00:00:00
10010033;584665;Moravská Nová Ves;;;;;98795;Moravská Nová Ves;61093;Lipová;è.p.;331;;;69155;573452.54;1207111.52;2013-12-05T00:00:00
10010041;584665;Moravská Nová Ves;;;;;98795;Moravská Nová Ves;61352;Vítìzství;è.p.;332;;;69155;573373.08;1206607.14;2013-12-05T00:00:00
10010050;584665;Moravská Nová Ves;;;;;98795;Moravská Nová Ves;61204;Pod Kostelem;è.p.;333;;;69155;573262.05;1207347.22;2013-12-05T00:00:00
10010068;584665;Moravská Nová Ves;;;;;98795;Moravská Nová Ves;61115;Medlov;è.p.;334;;;69155;573042.99;1207569.09;2013-12-05T00:00:00
10010076;584665;Moravská Nová Ves;;;;;98795;Moravská Nová Ves;61093;Lipová;è.p.;335;;;69155;573544.64;1206949.32;2013-12-05T00:00:00
10010084;584665;Moravská Nová Ves;;;;;98795;Moravská Nová Ves;61000;Hliník;è.p.;336;;;69155;573541.72;1206352.81;2013-12-05T00:00:00
10010092;584665;Moravská Nová Ves;;;;;98795;Moravská Nová Ves;61166;Na Øádku;è.p.;337;;;69155;573304.33;1207338.15;2013-12-05T00:00:00
10010106;584665;Moravská Nová Ves;;;;;98795;Moravská Nová Ves;61352;Vítìzství;è.p.;338;;;69155;573368.60;1206616.14;2013-12-05T00:00:00
10010114;584665;Moravská Nová Ves;;;;;98795;Moravská Nová Ves;61280;U Sokolovny;è.p.;339;;;69155;572865.82;1207170.57;2013-12-05T00:00:00
10010122;584665;Moravská Nová Ves;;;;;98795;Moravská Nová Ves;61140;Na Mlatì;è.p.;340;;;69155;573563.83;1206422.47;2013-12-05T00:00:00
10010131;584665;Moravská Nová Ves;;;;;98795;Moravská Nová Ves;61344;Vinohradská;è.p.;341;;;69155;572560.36;1207678.08;2013-12-05T00:00:00
10010149;584665;Moravská Nová Ves;;;;;98795;Moravská Nová Ves;61018;Jana Èerného;è.p.;342;;;69155;572614.04;1207121.21;2013-12-05T00:00:00
10010165;584665;Moravská Nová Ves;;;;;98795;Moravská Nová Ves;61042;Kamenná;è.p.;344;;;69155;572544.18;1207579.82;2013-12-05T00:00:00
10010173;584665;Moravská Nová Ves;;;;;98795;Moravská Nová Ves;61336;V Zahradách;è.p.;345;;;69155;573485.85;1207106.16;2013-12-05T00:00:00
10010181;584665;Moravská Nová Ves;;;;;98795;Moravská Nová Ves;61344;Vinohradská;è.p.;346;;;69155;572622.17;1207729.32;2013-12-05T00:00:00
10010203;584665;Moravská Nová Ves;;;;;98795;Moravská Nová Ves;61093;Lipová;è.p.;348;;;69155;573556.41;1206930.44;2013-12-05T00:00:00
10010220;584665;Moravská Nová Ves;;;;;98795;Moravská Nová Ves;61301;U Trati;è.p.;350;;;69155;572970.64;1207577.44;2013-12-05T00:00:00
10010238;584665;Moravská Nová Ves;;;;;98795;Moravská Nová Ves;61131;Na Kopci;è.p.;351;;;69155;572551.72;1207667.07;2013-12-05T00:00:00
10010246;584665;Moravská Nová Ves;;;;;98795;Moravská Nová Ves;61131;Na Kopci;è.p.;352;;;69155;572449.68;1207683.95;2013-12-05T00:00:00
10010254;584665;Moravská Nová Ves;;;;;98795;Moravská Nová Ves;61131;Na Kopci;è.p.;353;;;69155;572328.18;1207725.69;2013-12-05T00:00:00
10010262;584665;Moravská Nová Ves;;;;;98795;Moravská Nová Ves;61131;Na Kopci;è.p.;354;;;69155;572321.62;1207730.13;2013-12-05T00:00:00
10010271;584665;Moravská Nová Ves;;;;;98795;Moravská Nová Ves;61131;Na Kopci;è.p.;355;;;69155;572315.72;1207734.42;2013-12-05T00:00:00
10010289;584665;Moravská Nová Ves;;;;;98795;Moravská Nová Ves;61131;Na Kopci;è.p.;356;;;69155;572296.47;1207747.55;2013-12-05T00:00:00
10010297;584665;Moravská Nová Ves;;;;;98795;Moravská Nová Ves;61263;U Jordánky;è.p.;357;;;69155;572899.38;1207311.03;2013-12-05T00:00:00
10010301;584665;Moravská Nová Ves;;;;;98795;Moravská Nová Ves;61263;U Jordánky;è.p.;358;;;69155;572908.04;1207287.98;2013-12-05T00:00:00
10010319;584665;Moravská Nová Ves;;;;;98795;Moravská Nová Ves;61263;U Jordánky;è.p.;359;;;69155;572914.65;1207283.31;2013-12-05T00:00:00
10010327;584665;Moravská Nová Ves;;;;;98795;Moravská Nová Ves;61352;Vítìzství;è.p.;360;;;69155;573305.10;1206737.89;2013-12-05T00:00:00
10010335;584665;Moravská Nová Ves;;;;;98795;Moravská Nová Ves;61352;Vítìzství;è.p.;361;;;69155;573309.50;1206729.67;2013-12-05T00:00:00
10010343;584665;Moravská Nová Ves;;;;;98795;Moravská Nová Ves;61344;Vinohradská;è.p.;362;;;69155;572846.11;1207943.85;2013-12-05T00:00:00
10010351;584665;Moravská Nová Ves;;;;;98795;Moravská Nová Ves;61174;Na Výsluní;è.p.;363;;;69155;572681.49;1207342.64;2013-12-05T00:00:00
10010360;584665;Moravská Nová Ves;;;;;98795;Moravská Nová Ves;61115;Medlov;è.p.;364;;;69155;573043.49;1207560.16;2013-12-05T00:00:00
10010378;584665;Moravská Nová Ves;;;;;98795;Moravská Nová Ves;61280;U Sokolovny;è.p.;365;;;69155;572795.98;1207236.06;2013-12-05T00:00:00
10010386;584665;Moravská Nová Ves;;;;;98795;Moravská Nová Ves;61115;Medlov;è.p.;366;;;69155;573000.98;1207552.02;2013-12-05T00:00:00
10010394;584665;Moravská Nová Ves;;;;;98795;Moravská Nová Ves;60992;Hlavní;è.p.;367;;;69155;572891.94;1207524.69;2013-12-05T00:00:00
10010408;584665;Moravská Nová Ves;;;;;98795;Moravská Nová Ves;61042;Kamenná;è.p.;368;;;69155;572761.97;1207507.31;2013-12-05T00:00:00
10010416;584665;Moravská Nová Ves;;;;;98795;Moravská Nová Ves;60984;Dolní;è.p.;369;;;69155;573244.97;1207095.15;2013-12-05T00:00:00
10010424;584665;Moravská Nová Ves;;;;;98795;Moravská Nová Ves;60984;Dolní;è.p.;370;;;69155;573440.64;1206801.40;2013-12-05T00:00:00
10010432;584665;Moravská Nová Ves;;;;;98795;Moravská Nová Ves;61352;Vítìzství;è.p.;371;;;69155;573393.40;1206569.10;2013-12-05T00:00:00
10010459;584665;Moravská Nová Ves;;;;;98795;Moravská Nová Ves;61034;Josefovské chalupy;è.p.;373;;;69155;573416.56;1206458.09;2013-12-05T00:00:00
10010467;584665;Moravská Nová Ves;;;;;98795;Moravská Nová Ves;61328;Úzká;è.p.;374;;;69155;573697.87;1206603.24;2013-12-05T00:00:00
10010475;584665;Moravská Nová Ves;;;;;98795;Moravská Nová Ves;61352;Vítìzství;è.p.;375;;;69155;573314.99;1206719.21;2013-12-05T00:00:00
10010483;584665;Moravská Nová Ves;;;;;98795;Moravská Nová Ves;61174;Na Výsluní;è.p.;376;;;69155;572555.78;1207427.51;2013-12-05T00:00:00
10010505;584665;Moravská Nová Ves;;;;;98795;Moravská Nová Ves;61093;Lipová;è.p.;378;;;69155;573412.94;1207167.81;2013-12-05T00:00:00
10010521;584665;Moravská Nová Ves;;;;;98795;Moravská Nová Ves;61280;U Sokolovny;è.p.;380;;;69155;572816.97;1207216.96;2013-12-05T00:00:00
10010530;584665;Moravská Nová Ves;;;;;98795;Moravská Nová Ves;61034;Josefovské chalupy;è.p.;381;;;69155;573434.49;1206343.76;2013-12-05T00:00:00
10010548;584665;Moravská Nová Ves;;;;;98795;Moravská Nová Ves;61034;Josefovské chalupy;è.p.;382;;;69155;573445.06;1206404.79;2013-12-05T00:00:00
10010556;584665;Moravská Nová Ves;;;;;98795;Moravská Nová Ves;61174;Na Výsluní;è.p.;383;;;69155;572675.94;1207313.83;2013-12-05T00:00:00
10010564;584665;Moravská Nová Ves;;;;;98795;Moravská Nová Ves;61034;Josefovské chalupy;è.p.;384;;;69155;573443.66;1206414.08;2013-12-05T00:00:00
10010572;584665;Moravská Nová Ves;;;;;98795;Moravská Nová Ves;61093;Lipová;è.p.;385;;;69155;573426.01;1207151.06;2013-12-05T00:00:00
10010581;584665;Moravská Nová Ves;;;;;98795;Moravská Nová Ves;61077;Kukvická;è.p.;386;;;69155;573510.20;1206422.50;2013-12-05T00:00:00
10010599;584665;Moravská Nová Ves;;;;;98795;Moravská Nová Ves;61077;Kukvická;è.p.;387;;;69155;573492.45;1206379.78;2013-12-05T00:00:00
10010602;584665;Moravská Nová Ves;;;;;98795;Moravská Nová Ves;61077;Kukvická;è.p.;388;;;69155;573506.16;1206373.63;2013-12-05T00:00:00
10010611;584665;Moravská Nová Ves;;;;;98795;Moravská Nová Ves;61140;Na Mlatì;è.p.;390;;;69155;573565.79;1206402.95;2013-12-05T00:00:00
10010637;584665;Moravská Nová Ves;;;;;98795;Moravská Nová Ves;61131;Na Kopci;è.p.;392;;;69155;572395.30;1207685.81;2013-12-05T00:00:00
10010645;584665;Moravská Nová Ves;;;;;98795;Moravská Nová Ves;61352;Vítìzství;è.p.;393;;;69155;573090.14;1207029.74;2013-12-05T00:00:00
10010653;584665;Moravská Nová Ves;;;;;98795;Moravská Nová Ves;61042;Kamenná;è.p.;394;;;69155;572820.46;1207454.95;2013-12-05T00:00:00
10010661;584665;Moravská Nová Ves;;;;;98795;Moravská Nová Ves;61042;Kamenná;è.p.;395;;;69155;572827.09;1207446.79;2013-12-05T00:00:00
10010670;584665;Moravská Nová Ves;;;;;98795;Moravská Nová Ves;61247;Školní;è.p.;396;;;69155;572986.28;1207021.64;2013-12-05T00:00:00
10010688;584665;Moravská Nová Ves;;;;;98795;Moravská Nová Ves;61352;Vítìzství;è.p.;398;;;69155;573299.04;1206746.26;2013-12-05T00:00:00
10010696;584665;Moravská Nová Ves;;;;;98795;Moravská Nová Ves;61093;Lipová;è.p.;399;;;69155;573636.39;1206774.22;2013-12-05T00:00:00
10010718;584665;Moravská Nová Ves;;;;;98795;Moravská Nová Ves;61051;Kováøská;è.p.;401;;;69155;573096.11;1207503.49;2013-12-05T00:00:00
10010726;584665;Moravská Nová Ves;;;;;98795;Moravská Nová Ves;61212;Pod Náspem;è.p.;402;;;69155;572510.90;1207640.40;2013-12-05T00:00:00
10010734;584665;Moravská Nová Ves;;;;;98795;Moravská Nová Ves;61131;Na Kopci;è.p.;403;;;69155;572335.73;1207719.79;2013-12-05T00:00:00
10010742;584665;Moravská Nová Ves;;;;;98795;Moravská Nová Ves;61131;Na Kopci;è.p.;404;;;69155;572345.51;1207712.66;2013-12-05T00:00:00
10010751;584665;Moravská Nová Ves;;;;;98795;Moravská Nová Ves;61131;Na Kopci;è.p.;405;;;69155;572355.50;1207705.20;2013-12-05T00:00:00
10010769;584665;Moravská Nová Ves;;;;;98795;Moravská Nová Ves;61247;Školní;è.p.;406;;;69155;573255.71;1207240.27;2013-12-05T00:00:00
10010777;584665;Moravská Nová Ves;;;;;98795;Moravská Nová Ves;61093;Lipová;è.p.;407;;;69155;573664.85;1206714.14;2013-12-05T00:00:00
10010785;584665;Moravská Nová Ves;;;;;98795;Moravská Nová Ves;61093;Lipová;è.p.;408;;;69155;573472.44;1207075.91;2013-12-05T00:00:00
10010793;584665;Moravská Nová Ves;;;;;98795;Moravská Nová Ves;61174;Na Výsluní;è.p.;409;;;69155;572704.24;1207320.91;2013-12-05T00:00:00
10010807;584665;Moravská Nová Ves;;;;;98795;Moravská Nová Ves;61093;Lipová;è.p.;410;;;69155;573659.47;1206722.67;2013-12-05T00:00:00
10010815;584665;Moravská Nová Ves;;;;;98795;Moravská Nová Ves;61051;Kováøská;è.p.;411;;;69155;573103.89;1207496.39;2013-12-05T00:00:00
10010823;584665;Moravská Nová Ves;;;;;98795;Moravská Nová Ves;61115;Medlov;è.p.;412;;;69155;573062.86;1207526.28;2013-12-05T00:00:00
10010831;584665;Moravská Nová Ves;;;;;98795;Moravská Nová Ves;61301;U Trati;è.p.;413;;;69155;572958.17;1207611.40;2013-12-05T00:00:00
10010840;584665;Moravská Nová Ves;;;;;98795;Moravská Nová Ves;61131;Na Kopci;è.p.;414;;;69155;572375.33;1207671.75;2013-12-05T00:00:00
10010858;584665;Moravská Nová Ves;;;;;98795;Moravská Nová Ves;61131;Na Kopci;è.p.;415;;;69155;572374.22;1207692.87;2013-12-05T00:00:00
10010866;584665;Moravská Nová Ves;;;;;98795;Moravská Nová Ves;61255;U Dráhy;è.p.;416;;;69155;572583.67;1207621.57;2013-12-05T00:00:00
10010874;584665;Moravská Nová Ves;;;;;98795;Moravská Nová Ves;61344;Vinohradská;è.p.;417;;;69155;572960.07;1207947.26;2013-12-05T00:00:00
10010882;584665;Moravská Nová Ves;;;;;98795;Moravská Nová Ves;61263;U Jordánky;è.p.;418;;;69155;572947.94;1207235.10;2013-12-05T00:00:00
10010891;584665;Moravská Nová Ves;;;;;98795;Moravská Nová Ves;61034;Josefovské chalupy;è.p.;419;;;69155;573452.14;1206507.75;2013-12-05T00:00:00
10010904;584665;Moravská Nová Ves;;;;;98795;Moravská Nová Ves;61085;Kvìtná;è.p.;420;;;69155;573444.45;1207231.93;2013-12-05T00:00:00
10010912;584665;Moravská Nová Ves;;;;;98795;Moravská Nová Ves;61158;Na Rynku;è.p.;421;;;69155;573621.77;1206630.99;2013-12-05T00:00:00
10010921;584665;Moravská Nová Ves;;;;;98795;Moravská Nová Ves;61093;Lipová;è.p.;422;;;69155;573573.50;1206902.31;2013-12-05T00:00:00
10010939;584665;Moravská Nová Ves;;;;;98795;Moravská Nová Ves;61263;U Jordánky;è.p.;423;;;69155;572973.80;1207195.14;2013-12-05T00:00:00
10010947;584665;Moravská Nová Ves;;;;;98795;Moravská Nová Ves;61336;V Zahradách;è.p.;424;;;69155;573571.94;1207045.78;2013-12-05T00:00:00
10010955;584665;Moravská Nová Ves;;;;;98795;Moravská Nová Ves;60984;Dolní;è.p.;425;;;69155;573510.99;1206693.05;2013-12-05T00:00:00
10010963;584665;Moravská Nová Ves;;;;;98795;Moravská Nová Ves;61158;Na Rynku;è.p.;426;;;69155;573523.12;1206679.42;2013-12-05T00:00:00
10010971;584665;Moravská Nová Ves;;;;;98795;Moravská Nová Ves;60992;Hlavní;è.p.;427;;;69155;572862.47;1207496.57;2013-12-05T00:00:00
10010980;584665;Moravská Nová Ves;;;;;98795;Moravská Nová Ves;60992;Hlavní;è.p.;428;;;69155;572821.51;1207563.43;2013-12-05T00:00:00
10010998;584665;Moravská Nová Ves;;;;;98795;Moravská Nová Ves;61336;V Zahradách;è.p.;429;;;69155;573554.64;1207061.57;2013-12-05T00:00:00
10011005;584665;Moravská Nová Ves;;;;;98795;Moravská Nová Ves;61093;Lipová;è.p.;430;;;69155;573550.31;1206939.97;2013-12-05T00:00:00
10011021;584665;Moravská Nová Ves;;;;;98795;Moravská Nová Ves;61174;Na Výsluní;è.p.;432;;;69155;572543.88;1207472.27;2013-12-05T00:00:00
10011030;584665;Moravská Nová Ves;;;;;98795;Moravská Nová Ves;61204;Pod Kostelem;è.p.;433;;;69155;573284.76;1207321.34;2013-12-05T00:00:00
10011048;584665;Moravská Nová Ves;;;;;98795;Moravská Nová Ves;61115;Medlov;è.p.;434;;;69155;573007.49;1207644.67;2013-12-05T00:00:00
10011056;584665;Moravská Nová Ves;;;;;98795;Moravská Nová Ves;60992;Hlavní;è.p.;435;;;69155;572818.56;1207524.85;2013-12-05T00:00:00
10011064;584665;Moravská Nová Ves;;;;;98795;Moravská Nová Ves;61018;Jana Èerného;è.p.;436;;;69155;572726.99;1207250.51;2013-12-05T00:00:00
10011072;584665;Moravská Nová Ves;;;;;98795;Moravská Nová Ves;61352;Vítìzství;è.p.;437;;;69155;573177.82;1206932.54;2013-12-05T00:00:00
10011081;584665;Moravská Nová Ves;;;;;98795;Moravská Nová Ves;61352;Vítìzství;è.p.;438;;;69155;573220.04;1206869.32;2013-12-05T00:00:00
10011099;584665;Moravská Nová Ves;;;;;98795;Moravská Nová Ves;61093;Lipová;è.p.;439;;;69155;573692.79;1206681.66;2013-12-05T00:00:00
10011111;584665;Moravská Nová Ves;;;;;98795;Moravská Nová Ves;61263;U Jordánky;è.p.;441;;;69155;572879.31;1207339.88;2013-12-05T00:00:00
10011129;584665;Moravská Nová Ves;;;;;98795;Moravská Nová Ves;61107;Luèní;è.p.;442;;;69155;572118.39;1207723.44;2013-12-05T00:00:00
10011137;584665;Moravská Nová Ves;;;;;98795;Moravská Nová Ves;61158;Na Rynku;è.p.;443;;;69155;573587.21;1206584.24;2013-12-05T00:00:00
10011145;584665;Moravská Nová Ves;;;;;98795;Moravská Nová Ves;61344;Vinohradská;è.p.;444;;;69155;572568.46;1207687.93;2013-12-05T00:00:00
10011153;584665;Moravská Nová Ves;;;;;98795;Moravská Nová Ves;61204;Pod Kostelem;è.p.;445;;;69155;573217.76;1207412.54;2013-12-05T00:00:00
10011161;584665;Moravská Nová Ves;;;;;98795;Moravská Nová Ves;61051;Kováøská;è.p.;446;;;69155;573156.99;1207458.97;2013-12-05T00:00:00
10011170;584665;Moravská Nová Ves;;;;;98795;Moravská Nová Ves;61263;U Jordánky;è.p.;447;;;69155;572887.88;1207327.40;2013-12-05T00:00:00
10011188;584665;Moravská Nová Ves;;;;;98795;Moravská Nová Ves;61344;Vinohradská;è.p.;448;;;69155;572866.85;1207820.90;2013-12-05T00:00:00
10011196;584665;Moravská Nová Ves;;;;;98795;Moravská Nová Ves;61301;U Trati;è.p.;449;;;69155;572954.54;1207585.85;2013-12-05T00:00:00
10011200;584665;Moravská Nová Ves;;;;;98795;Moravská Nová Ves;61131;Na Kopci;è.p.;450;;;69155;572365.87;1207700.07;2016-03-11T00:00:00
10011218;584665;Moravská Nová Ves;;;;;98795;Moravská Nová Ves;61042;Kamenná;è.p.;451;;;69155;572640.61;1207560.05;2013-12-05T00:00:00
10011226;584665;Moravská Nová Ves;;;;;98795;Moravská Nová Ves;61166;Na Øádku;è.p.;452;;;69155;573246.57;1207409.58;2013-12-05T00:00:00
10011234;584665;Moravská Nová Ves;;;;;98795;Moravská Nová Ves;61093;Lipová;è.p.;453;;;69155;573395.21;1207222.82;2013-12-05T00:00:00
10011242;584665;Moravská Nová Ves;;;;;98795;Moravská Nová Ves;60984;Dolní;è.p.;454;;;69155;573485.15;1206784.58;2013-12-05T00:00:00
10011251;584665;Moravská Nová Ves;;;;;98795;Moravská Nová Ves;61166;Na Øádku;è.p.;455;;;69155;573239.54;1207419.51;2013-12-05T00:00:00
10011269;584665;Moravská Nová Ves;;;;;98795;Moravská Nová Ves;61174;Na Výsluní;è.p.;456;;;69155;572599.81;1207419.65;2013-12-05T00:00:00
10011285;584665;Moravská Nová Ves;;;;;98795;Moravská Nová Ves;60992;Hlavní;è.p.;458;;;69155;572745.69;1207549.30;2013-12-05T00:00:00
10011293;584665;Moravská Nová Ves;;;;;98795;Moravská Nová Ves;61158;Na Rynku;è.p.;459;;;69155;573575.15;1206602.47;2013-12-05T00:00:00
10011307;584665;Moravská Nová Ves;;;;;98795;Moravská Nová Ves;61140;Na Mlatì;è.p.;460;;;69155;573469.11;1206516.57;2013-12-05T00:00:00
10011315;584665;Moravská Nová Ves;;;;;98795;Moravská Nová Ves;60984;Dolní;è.p.;461;;;69155;573484.03;1206730.13;2013-12-05T00:00:00
10011323;584665;Moravská Nová Ves;;;;;98795;Moravská Nová Ves;60992;Hlavní;è.p.;462;;;69155;572785.78;1207578.71;2013-12-05T00:00:00
10011340;584665;Moravská Nová Ves;;;;;98795;Moravská Nová Ves;61034;Josefovské chalupy;è.p.;464;;;69155;573429.05;1206367.98;2013-12-05T00:00:00
10011358;584665;Moravská Nová Ves;;;;;98795;Moravská Nová Ves;60984;Dolní;è.p.;465;;;69155;573473.33;1206805.78;2013-12-05T00:00:00
10011366;584665;Moravská Nová Ves;;;;;98795;Moravská Nová Ves;61158;Na Rynku;è.p.;466;;;69155;573672.56;1206457.91;2013-12-05T00:00:00
10011374;584665;Moravská Nová Ves;;;;;98795;Moravská Nová Ves;61336;V Zahradách;è.p.;467;;;69155;573484.89;1207089.58;2013-12-05T00:00:00
10011382;584665;Moravská Nová Ves;;;;;98795;Moravská Nová Ves;61051;Kováøská;è.p.;468;;;69155;573079.12;1207526.48;2013-12-05T00:00:00
10011391;584665;Moravská Nová Ves;;;;;98795;Moravská Nová Ves;61344;Vinohradská;è.p.;469;;;69155;572602.84;1207712.59;2013-12-05T00:00:00
10011404;584665;Moravská Nová Ves;;;;;98795;Moravská Nová Ves;61301;U Trati;è.p.;470;;;69155;572873.86;1207636.83;2013-12-05T00:00:00
10011412;584665;Moravská Nová Ves;;;;;98795;Moravská Nová Ves;61051;Kováøská;è.p.;471;;;69155;573170.52;1207445.98;2013-12-05T00:00:00
10011421;584665;Moravská Nová Ves;;;;;98795;Moravská Nová Ves;61131;Na Kopci;è.p.;472;;;69155;572529.89;1207673.69;2013-12-05T00:00:00
10011439;584665;Moravská Nová Ves;;;;;98795;Moravská Nová Ves;60992;Hlavní;è.p.;473;;;69155;572992.44;1207441.21;2013-12-05T00:00:00
10011447;584665;Moravská Nová Ves;;;;;98795;Moravská Nová Ves;61271;U Mlýna;è.p.;474;;;69155;572264.12;1207575.42;2013-12-05T00:00:00
10011455;584665;Moravská Nová Ves;;;;;98795;Moravská Nová Ves;61336;V Zahradách;è.p.;475;;;69155;573607.10;1207044.51;2013-12-05T00:00:00
10011463;584665;Moravská Nová Ves;;;;;98795;Moravská Nová Ves;61093;Lipová;è.p.;476;;;69155;573499.90;1207028.18;2013-12-05T00:00:00
10011480;584665;Moravská Nová Ves;;;;;98795;Moravská Nová Ves;61093;Lipová;è.p.;478;;;69155;573642.20;1206767.75;2013-12-05T00:00:00
10011498;584665;Moravská Nová Ves;;;;;98795;Moravská Nová Ves;61042;Kamenná;è.p.;479;;;69155;572630.44;1207599.16;2013-12-05T00:00:00
10011501;584665;Moravská Nová Ves;;;;;98795;Moravská Nová Ves;61221;Polní;è.p.;480;;;69155;573023.00;1207660.72;2013-12-05T00:00:00
10011510;584665;Moravská Nová Ves;;;;;98795;Moravská Nová Ves;61271;U Mlýna;è.p.;481;;;69155;572143.51;1207437.81;2013-12-05T00:00:00
10011528;584665;Moravská Nová Ves;;;;;98795;Moravská Nová Ves;61042;Kamenná;è.p.;482;;;69155;572680.83;1207556.43;2013-12-05T00:00:00
10011536;584665;Moravská Nová Ves;;;;;98795;Moravská Nová Ves;61271;U Mlýna;è.p.;483;;;69155;572158.23;1207448.17;2013-12-05T00:00:00
10011544;584665;Moravská Nová Ves;;;;;98795;Moravská Nová Ves;61352;Vítìzství;è.p.;484;;;69155;573109.09;1207012.53;2013-12-05T00:00:00
10011552;584665;Moravská Nová Ves;;;;;98795;Moravská Nová Ves;61093;Lipová;è.p.;485;;;69155;573684.43;1206690.39;2013-12-05T00:00:00
10011561;584665;Moravská Nová Ves;;;;;98795;Moravská Nová Ves;61301;U Trati;è.p.;486;;;69155;572813.00;1207674.00;2013-12-05T00:00:00
10011579;584665;Moravská Nová Ves;;;;;98795;Moravská Nová Ves;61051;Kováøská;è.p.;487;;;69155;573074.50;1207531.96;2013-12-05T00:00:00
10011587;584665;Moravská Nová Ves;;;;;98795;Moravská Nová Ves;61263;U Jordánky;è.p.;488;;;69155;573035.80;1207088.71;2013-12-05T00:00:00
10011595;584665;Moravská Nová Ves;;;;;98795;Moravská Nová Ves;61263;U Jordánky;è.p.;489;;;69155;573042.35;1207081.93;2013-12-05T00:00:00
10011609;584665;Moravská Nová Ves;;;;;98795;Moravská Nová Ves;61042;Kamenná;è.p.;490;;;69155;572371.48;1207486.64;2016-03-15T00:00:00
10011617;584665;Moravská Nová Ves;;;;;98795;Moravská Nová Ves;61042;Kamenná;è.p.;491;;;69155;572827.38;1207410.48;2013-12-05T00:00:00
10011625;584665;Moravská Nová Ves;;;;;98795;Moravská Nová Ves;61042;Kamenná;è.p.;492;;;69155;572611.48;1207565.67;2013-12-05T00:00:00
10011633;584665;Moravská Nová Ves;;;;;98795;Moravská Nová Ves;61051;Kováøská;è.p.;493;;;69155;573190.21;1207426.74;2013-12-05T00:00:00
10011641;584665;Moravská Nová Ves;;;;;98795;Moravská Nová Ves;60992;Hlavní;è.p.;494;;;69155;572868.21;1207536.94;2013-12-05T00:00:00
10011650;584665;Moravská Nová Ves;;;;;98795;Moravská Nová Ves;61352;Vítìzství;è.p.;495;;;69155;573405.84;1206533.46;2013-12-05T00:00:00
10011668;584665;Moravská Nová Ves;;;;;98795;Moravská Nová Ves;60984;Dolní;è.p.;496;;;69155;573461.16;1206827.84;2013-12-05T00:00:00
10011676;584665;Moravská Nová Ves;;;;;98795;Moravská Nová Ves;61204;Pod Kostelem;è.p.;497;;;69155;573241.77;1207369.94;2013-12-05T00:00:00
10011706;584665;Moravská Nová Ves;;;;;98795;Moravská Nová Ves;60992;Hlavní;è.p.;500;;;69155;572986.24;1207406.41;2013-12-05T00:00:00
10011714;584665;Moravská Nová Ves;;;;;98795;Moravská Nová Ves;61212;Pod Náspem;è.p.;501;;;69155;572502.88;1207643.33;2013-12-05T00:00:00
10011722;584665;Moravská Nová Ves;;;;;98795;Moravská Nová Ves;60984;Dolní;è.p.;502;;;69155;573244.48;1207176.64;2013-12-05T00:00:00
10011731;584665;Moravská Nová Ves;;;;;98795;Moravská Nová Ves;61042;Kamenná;è.p.;503;;;69155;572716.28;1207533.44;2013-12-05T00:00:00
10011749;584665;Moravská Nová Ves;;;;;98795;Moravská Nová Ves;61352;Vítìzství;è.p.;504;;;69155;573143.49;1206975.54;2013-12-05T00:00:00
10011757;584665;Moravská Nová Ves;;;;;98795;Moravská Nová Ves;61263;U Jordánky;è.p.;505;;;69155;573022.19;1207114.51;2013-12-05T00:00:00
10011765;584665;Moravská Nová Ves;;;;;98795;Moravská Nová Ves;60992;Hlavní;è.p.;506;;;69155;572734.71;1207552.51;2013-12-05T00:00:00
10011773;584665;Moravská Nová Ves;;;;;98795;Moravská Nová Ves;61042;Kamenná;è.p.;507;;;69155;572723.32;1207527.68;2013-12-05T00:00:00
10011781;584665;Moravská Nová Ves;;;;;98795;Moravská Nová Ves;61301;U Trati;è.p.;508;;;69155;572804.00;1207680.22;2013-12-05T00:00:00
10011790;584665;Moravská Nová Ves;;;;;98795;Moravská Nová Ves;61051;Kováøská;è.p.;509;;;69155;573150.32;1207465.67;2013-12-05T00:00:00
10011803;584665;Moravská Nová Ves;;;;;98795;Moravská Nová Ves;61042;Kamenná;è.p.;510;;;69155;572697.89;1207545.68;2013-12-05T00:00:00
10011811;584665;Moravská Nová Ves;;;;;98795;Moravská Nová Ves;61051;Kováøská;è.p.;511;;;69155;573120.67;1207492.30;2013-12-05T00:00:00
10011820;584665;Moravská Nová Ves;;;;;98795;Moravská Nová Ves;61034;Josefovské chalupy;è.p.;512;;;69155;573449.91;1206385.84;2013-12-05T00:00:00
10011838;584665;Moravská Nová Ves;;;;;98795;Moravská Nová Ves;61123;Na Koncích;è.p.;513;;;69155;573746.79;1206397.78;2013-12-05T00:00:00
10011854;584665;Moravská Nová Ves;;;;;98795;Moravská Nová Ves;61352;Vítìzství;è.p.;515;;;69155;573116.13;1207004.93;2013-12-05T00:00:00
10011862;584665;Moravská Nová Ves;;;;;98795;Moravská Nová Ves;61034;Josefovské chalupy;è.p.;516;;;69155;573464.93;1206334.71;2013-12-05T00:00:00
10011871;584665;Moravská Nová Ves;;;;;98795;Moravská Nová Ves;61271;U Mlýna;è.p.;517;;;69155;572164.88;1207453.94;2013-12-05T00:00:00
10011889;584665;Moravská Nová Ves;;;;;98795;Moravská Nová Ves;61301;U Trati;è.p.;518;;;69155;572974.48;1207574.56;2013-12-05T00:00:00
10011897;584665;Moravská Nová Ves;;;;;98795;Moravská Nová Ves;61301;U Trati;è.p.;519;;;69155;572821.99;1207668.71;2013-12-05T00:00:00
10011919;584665;Moravská Nová Ves;;;;;98795;Moravská Nová Ves;61093;Lipová;è.p.;521;;;69155;573645.39;1206755.36;2013-12-05T00:00:00
10011927;584665;Moravská Nová Ves;;;;;98795;Moravská Nová Ves;61271;U Mlýna;è.p.;522;;;69155;572173.74;1207462.98;2013-12-05T00:00:00
10011935;584665;Moravská Nová Ves;;;;;98795;Moravská Nová Ves;61123;Na Koncích;è.p.;523;;;69155;573713.06;1206448.51;2013-12-05T00:00:00
10011943;584665;Moravská Nová Ves;;;;;98795;Moravská Nová Ves;61018;Jana Èerného;è.p.;524;;;69155;572830.32;1207360.83;2013-12-05T00:00:00
10011951;584665;Moravská Nová Ves;;;;;98795;Moravská Nová Ves;61131;Na Kopci;è.p.;525;;;69155;572478.08;1207698.06;2013-12-05T00:00:00
10011960;584665;Moravská Nová Ves;;;;;98795;Moravská Nová Ves;61140;Na Mlatì;è.p.;526;;;69155;573517.49;1206505.86;2013-12-05T00:00:00
10011978;584665;Moravská Nová Ves;;;;;98795;Moravská Nová Ves;61018;Jana Èerného;è.p.;527;;;69155;572820.96;1207351.60;2013-12-05T00:00:00
10011986;584665;Moravská Nová Ves;;;;;98795;Moravská Nová Ves;61018;Jana Èerného;è.p.;528;;;69155;572801.62;1207352.60;2013-12-05T00:00:00
10011994;584665;Moravská Nová Ves;;;;;98795;Moravská Nová Ves;61018;Jana Èerného;è.p.;529;;;69155;572792.41;1207343.61;2013-12-05T00:00:00
10012001;584665;Moravská Nová Ves;;;;;98795;Moravská Nová Ves;61042;Kamenná;è.p.;530;;;69155;572753.27;1207513.64;2013-12-05T00:00:00
10012010;584665;Moravská Nová Ves;;;;;98795;Moravská Nová Ves;61344;Vinohradská;è.p.;531;;;69155;572658.42;1207756.19;2013-12-05T00:00:00
10012028;584665;Moravská Nová Ves;;;;;98795;Moravská Nová Ves;61018;Jana Èerného;è.p.;532;;;69155;572794.83;1207321.89;2013-12-05T00:00:00
10012036;584665;Moravská Nová Ves;;;;;98795;Moravská Nová Ves;61018;Jana Èerného;è.p.;533;;;69155;572784.90;1207335.67;2013-12-05T00:00:00
10012044;584665;Moravská Nová Ves;;;;;98795;Moravská Nová Ves;61204;Pod Kostelem;è.p.;534;;;69155;573296.24;1207308.51;2013-12-05T00:00:00
10012052;584665;Moravská Nová Ves;;;;;98795;Moravská Nová Ves;61018;Jana Èerného;è.p.;535;;;69155;572776.15;1207326.31;2013-12-05T00:00:00
10012061;584665;Moravská Nová Ves;;;;;98795;Moravská Nová Ves;61093;Lipová;è.p.;536;;;69155;573558.70;1206880.87;2013-12-05T00:00:00
10012087;584665;Moravská Nová Ves;;;;;98795;Moravská Nová Ves;61352;Vítìzství;è.p.;538;;;69155;573136.32;1206983.87;2013-12-05T00:00:00
10012095;584665;Moravská Nová Ves;;;;;98795;Moravská Nová Ves;61018;Jana Èerného;è.p.;539;;;69155;572758.34;1207307.83;2013-12-05T00:00:00
10012109;584665;Moravská Nová Ves;;;;;98795;Moravská Nová Ves;61018;Jana Èerného;è.p.;540;;;69155;572768.33;1207317.73;2013-12-05T00:00:00
10012117;584665;Moravská Nová Ves;;;;;98795;Moravská Nová Ves;61018;Jana Èerného;è.p.;541;;;69155;572746.76;1207295.95;2013-12-05T00:00:00
10012125;584665;Moravská Nová Ves;;;;;98795;Moravská Nová Ves;61166;Na Øádku;è.p.;542;;;69155;573369.42;1207293.25;2013-12-05T00:00:00
10012133;584665;Moravská Nová Ves;;;;;98795;Moravská Nová Ves;61051;Kováøská;è.p.;543;;;69155;573129.45;1207484.24;2013-12-05T00:00:00
10012141;584665;Moravská Nová Ves;;;;;98795;Moravská Nová Ves;61042;Kamenná;è.p.;544;;;69155;572620.64;1207563.07;2013-12-05T00:00:00
10012150;584665;Moravská Nová Ves;;;;;98795;Moravská Nová Ves;61174;Na Výsluní;è.p.;545;;;69155;572722.74;1207269.49;2013-12-05T00:00:00
10012168;584665;Moravská Nová Ves;;;;;98795;Moravská Nová Ves;60992;Hlavní;è.p.;546;;;69155;572797.67;1207573.42;2013-12-05T00:00:00
10012176;584665;Moravská Nová Ves;;;;;98795;Moravská Nová Ves;61174;Na Výsluní;è.p.;547;;;69155;572728.55;1207297.32;2013-12-05T00:00:00
10012184;584665;Moravská Nová Ves;;;;;98795;Moravská Nová Ves;60976;Anenská;è.p.;548;;;69155;573390.27;1207313.25;2013-12-05T00:00:00
10012192;584665;Moravská Nová Ves;;;;;98795;Moravská Nová Ves;61093;Lipová;è.p.;549;;;69155;573438.14;1207089.39;2013-12-05T00:00:00
10012206;584665;Moravská Nová Ves;;;;;98795;Moravská Nová Ves;61018;Jana Èerného;è.p.;550;;;69155;572786.30;1207313.02;2013-12-05T00:00:00
10012214;584665;Moravská Nová Ves;;;;;98795;Moravská Nová Ves;60976;Anenská;è.p.;551;;;69155;573384.93;1207308.11;2013-12-05T00:00:00
10012222;584665;Moravská Nová Ves;;;;;98795;Moravská Nová Ves;61131;Na Kopci;è.p.;552;;;69155;572507.20;1207685.44;2013-12-05T00:00:00
10012231;584665;Moravská Nová Ves;;;;;98795;Moravská Nová Ves;61131;Na Kopci;è.p.;553;;;69155;572489.07;1207693.43;2013-12-05T00:00:00
10012249;584665;Moravská Nová Ves;;;;;98795;Moravská Nová Ves;60984;Dolní;è.p.;554;;;69155;573315.85;1206989.33;2013-12-05T00:00:00
10012257;584665;Moravská Nová Ves;;;;;98795;Moravská Nová Ves;60976;Anenská;è.p.;555;;;69155;573376.27;1207301.52;2013-12-05T00:00:00
10012265;584665;Moravská Nová Ves;;;;;98795;Moravská Nová Ves;60976;Anenská;è.p.;556;;;69155;573402.22;1207324.19;2013-12-05T00:00:00
10012273;584665;Moravská Nová Ves;;;;;98795;Moravská Nová Ves;60992;Hlavní;è.p.;557;;;69155;572779.21;1207539.28;2013-12-05T00:00:00
10012281;584665;Moravská Nová Ves;;;;;98795;Moravská Nová Ves;61361;Zákoutí;è.p.;558;;;69155;572779.67;1207416.21;2013-12-05T00:00:00
10012290;584665;Moravská Nová Ves;;;;;98795;Moravská Nová Ves;60992;Hlavní;è.p.;559;;;69155;572880.20;1207487.09;2013-12-05T00:00:00
10012303;584665;Moravská Nová Ves;;;;;98795;Moravská Nová Ves;60976;Anenská;è.p.;560;;;69155;573410.81;1207332.46;2013-12-05T00:00:00
10012311;584665;Moravská Nová Ves;;;;;98795;Moravská Nová Ves;60976;Anenská;è.p.;561;;;69155;573419.00;1207339.63;2013-12-05T00:00:00
10012320;584665;Moravská Nová Ves;;;;;98795;Moravská Nová Ves;61140;Na Mlatì;è.p.;562;;;69155;573521.65;1206464.95;2013-12-05T00:00:00
10012338;584665;Moravská Nová Ves;;;;;98795;Moravská Nová Ves;61263;U Jordánky;è.p.;563;;;69155;573005.93;1207139.04;2013-12-05T00:00:00
10012346;584665;Moravská Nová Ves;;;;;98795;Moravská Nová Ves;60984;Dolní;è.p.;564;;;69155;573250.58;1207086.01;2013-12-05T00:00:00
10012354;584665;Moravská Nová Ves;;;;;98795;Moravská Nová Ves;61042;Kamenná;è.p.;565;;;69155;572568.42;1207577.74;2013-12-05T00:00:00
10012362;584665;Moravská Nová Ves;;;;;98795;Moravská Nová Ves;61131;Na Kopci;è.p.;566;;;69155;572497.03;1207688.94;2013-12-05T00:00:00
10012371;584665;Moravská Nová Ves;;;;;98795;Moravská Nová Ves;61123;Na Koncích;è.p.;567;;;69155;573713.36;1206399.99;2013-12-05T00:00:00
10012389;584665;Moravská Nová Ves;;;;;98795;Moravská Nová Ves;61123;Na Koncích;è.p.;568;;;69155;573721.69;1206388.73;2013-12-05T00:00:00
10012401;584665;Moravská Nová Ves;;;;;98795;Moravská Nová Ves;61123;Na Koncích;è.p.;570;;;69155;573728.97;1206377.79;2013-12-05T00:00:00
10012419;584665;Moravská Nová Ves;;;;;98795;Moravská Nová Ves;61344;Vinohradská;è.p.;571;;;69155;572573.41;1207747.71;2013-12-05T00:00:00
10012427;584665;Moravská Nová Ves;;;;;98795;Moravská Nová Ves;61166;Na Øádku;è.p.;572;;;69155;573297.50;1207347.57;2013-12-05T00:00:00
10012435;584665;Moravská Nová Ves;;;;;98795;Moravská Nová Ves;61123;Na Koncích;è.p.;573;;;69155;573734.79;1206369.57;2013-12-05T00:00:00
10012443;584665;Moravská Nová Ves;;;;;98795;Moravská Nová Ves;60992;Hlavní;è.p.;574;;;69155;572828.45;1207557.65;2013-12-05T00:00:00
10012451;584665;Moravská Nová Ves;;;;;98795;Moravská Nová Ves;61131;Na Kopci;è.p.;575;;;69155;572306.26;1207741.57;2013-12-05T00:00:00
10012460;584665;Moravská Nová Ves;;;;;98795;Moravská Nová Ves;61310;Ukrajina;è.p.;576;;;69155;572173.69;1207772.44;2013-12-05T00:00:00
10012478;584665;Moravská Nová Ves;;;;;98795;Moravská Nová Ves;61034;Josefovské chalupy;è.p.;577;;;69155;573435.66;1206479.22;2013-12-05T00:00:00
10012486;584665;Moravská Nová Ves;;;;;98795;Moravská Nová Ves;61301;U Trati;è.p.;578;;;69155;572839.31;1207658.65;2013-12-05T00:00:00
10012494;584665;Moravská Nová Ves;;;;;98795;Moravská Nová Ves;61310;Ukrajina;è.p.;579;;;69155;572233.28;1207806.26;2015-10-19T00:00:00
10012508;584665;Moravská Nová Ves;;;;;98795;Moravská Nová Ves;61310;Ukrajina;è.p.;580;;;69155;572162.17;1207776.80;2013-12-05T00:00:00
10012516;584665;Moravská Nová Ves;;;;;98795;Moravská Nová Ves;61310;Ukrajina;è.p.;581;;;69155;572191.66;1207786.19;2013-12-05T00:00:00
10012524;584665;Moravská Nová Ves;;;;;98795;Moravská Nová Ves;61310;Ukrajina;è.p.;582;;;69155;572179.63;1207790.45;2013-12-05T00:00:00
10012532;584665;Moravská Nová Ves;;;;;98795;Moravská Nová Ves;61310;Ukrajina;è.p.;583;;;69155;572168.53;1207794.46;2013-12-05T00:00:00
10012541;584665;Moravská Nová Ves;;;;;98795;Moravská Nová Ves;61310;Ukrajina;è.p.;584;;;69155;572185.45;1207768.70;2013-12-05T00:00:00
10012559;584665;Moravská Nová Ves;;;;;98795;Moravská Nová Ves;61310;Ukrajina;è.p.;585;;;69155;572196.82;1207764.66;2013-12-05T00:00:00
10012567;584665;Moravská Nová Ves;;;;;98795;Moravská Nová Ves;61310;Ukrajina;è.p.;586;;;69155;572207.98;1207760.79;2013-12-05T00:00:00
10012575;584665;Moravská Nová Ves;;;;;98795;Moravská Nová Ves;61310;Ukrajina;è.p.;587;;;69155;572133.87;1207806.43;2013-12-05T00:00:00
10012583;584665;Moravská Nová Ves;;;;;98795;Moravská Nová Ves;61166;Na Øádku;è.p.;589;;;69155;573312.85;1207360.05;2013-12-05T00:00:00
10012591;584665;Moravská Nová Ves;;;;;98795;Moravská Nová Ves;61107;Luèní;è.p.;590;;;69155;572267.84;1207623.91;2013-12-05T00:00:00
10012605;584665;Moravská Nová Ves;;;;;98795;Moravská Nová Ves;61018;Jana Èerného;è.p.;591;;;69155;572810.37;1207338.77;2013-12-05T00:00:00
10012613;584665;Moravská Nová Ves;;;;;98795;Moravská Nová Ves;60984;Dolní;è.p.;592;;;69155;573251.47;1207163.74;2013-12-05T00:00:00
10012621;584665;Moravská Nová Ves;;;;;98795;Moravská Nová Ves;61107;Luèní;è.p.;593;;;69155;572110.61;1207731.80;2013-12-05T00:00:00
10012630;584665;Moravská Nová Ves;;;;;98795;Moravská Nová Ves;61344;Vinohradská;è.p.;594;;;69155;572838.83;1207902.79;2013-12-05T00:00:00
10012648;584665;Moravská Nová Ves;;;;;98795;Moravská Nová Ves;61344;Vinohradská;è.p.;595;;;69155;572829.52;1207893.96;2013-12-05T00:00:00
10012656;584665;Moravská Nová Ves;;;;;98795;Moravská Nová Ves;61344;Vinohradská;è.p.;596;;;69155;572820.44;1207884.42;2013-12-05T00:00:00
10012664;584665;Moravská Nová Ves;;;;;98795;Moravská Nová Ves;61123;Na Koncích;è.p.;597;;;69155;573739.68;1206363.09;2013-12-05T00:00:00
10012672;584665;Moravská Nová Ves;;;;;98795;Moravská Nová Ves;61344;Vinohradská;è.p.;598;;;69155;572884.47;1207982.23;2013-12-05T00:00:00
10012681;584665;Moravská Nová Ves;;;;;98795;Moravská Nová Ves;60984;Dolní;è.p.;599;;;69155;573449.23;1206850.23;2013-12-05T00:00:00
10012699;584665;Moravská Nová Ves;;;;;98795;Moravská Nová Ves;61344;Vinohradská;è.p.;600;;;69155;572812.11;1207876.08;2013-12-05T00:00:00
10012702;584665;Moravská Nová Ves;;;;;98795;Moravská Nová Ves;61018;Jana Èerného;è.p.;601;;;69155;572777.02;1207302.90;2013-12-05T00:00:00
10012711;584665;Moravská Nová Ves;;;;;98795;Moravská Nová Ves;61069;Krátká;è.p.;602;;;69155;572281.18;1207667.27;2013-12-05T00:00:00
10012737;584665;Moravská Nová Ves;;;;;98795;Moravská Nová Ves;61166;Na Øádku;è.p.;604;;;69155;573348.84;1207316.69;2013-12-05T00:00:00
10012745;584665;Moravská Nová Ves;;;;;98795;Moravská Nová Ves;61069;Krátká;è.p.;605;;;69155;572287.26;1207686.22;2013-12-05T00:00:00
10012753;584665;Moravská Nová Ves;;;;;98795;Moravská Nová Ves;61069;Krátká;è.p.;606;;;69155;572291.12;1207696.96;2013-12-05T00:00:00
10012761;584665;Moravská Nová Ves;;;;;98795;Moravská Nová Ves;61310;Ukrajina;è.p.;607;;;69155;572151.00;1207780.98;2013-12-05T00:00:00
10012770;584665;Moravská Nová Ves;;;;;98795;Moravská Nová Ves;61310;Ukrajina;è.p.;608;;;69155;572139.13;1207785.24;2013-12-05T00:00:00
10012788;584665;Moravská Nová Ves;;;;;98795;Moravská Nová Ves;61239;Sadová;è.p.;609;;;69155;573173.25;1207592.63;2013-12-05T00:00:00
10012796;584665;Moravská Nová Ves;;;;;98795;Moravská Nová Ves;61263;U Jordánky;è.p.;610;;;69155;573017.01;1207124.65;2013-12-05T00:00:00
10012800;584665;Moravská Nová Ves;;;;;98795;Moravská Nová Ves;61018;Jana Èerného;è.p.;611;;;69155;572728.17;1207229.40;2013-12-05T00:00:00
10012818;584665;Moravská Nová Ves;;;;;98795;Moravská Nová Ves;61107;Luèní;è.p.;612;;;69155;572102.75;1207740.33;2013-12-05T00:00:00
10012826;584665;Moravská Nová Ves;;;;;98795;Moravská Nová Ves;61166;Na Øádku;è.p.;613;;;69155;573337.77;1207330.87;2013-12-05T00:00:00
10012834;584665;Moravská Nová Ves;;;;;98795;Moravská Nová Ves;61107;Luèní;è.p.;614;;;69155;572164.75;1207682.85;2013-12-05T00:00:00
10012842;584665;Moravská Nová Ves;;;;;98795;Moravská Nová Ves;61018;Jana Èerného;è.p.;615;;;69155;572699.92;1207244.16;2013-12-05T00:00:00
10012851;584665;Moravská Nová Ves;;;;;98795;Moravská Nová Ves;61034;Josefovské chalupy;è.p.;616;;;69155;573440.82;1206438.56;2013-12-05T00:00:00
10012869;584665;Moravská Nová Ves;;;;;98795;Moravská Nová Ves;61107;Luèní;è.p.;617;;;69155;572154.70;1207689.83;2013-12-05T00:00:00
10012877;584665;Moravská Nová Ves;;;;;98795;Moravská Nová Ves;61018;Jana Èerného;è.p.;618;;;69155;572735.91;1207259.13;2013-12-05T00:00:00
10012885;584665;Moravská Nová Ves;;;;;98795;Moravská Nová Ves;61069;Krátká;è.p.;619;;;69155;572284.31;1207677.24;2013-12-05T00:00:00
10012893;584665;Moravská Nová Ves;;;;;98795;Moravská Nová Ves;61069;Krátká;è.p.;620;;;69155;572278.37;1207658.01;2013-12-05T00:00:00
10012907;584665;Moravská Nová Ves;;;;;98795;Moravská Nová Ves;61042;Kamenná;è.p.;621;;;69155;572689.20;1207551.47;2013-12-05T00:00:00
10012915;584665;Moravská Nová Ves;;;;;98795;Moravská Nová Ves;61018;Jana Èerného;è.p.;622;;;69155;572711.05;1207257.19;2013-12-05T00:00:00
10012923;584665;Moravská Nová Ves;;;;;98795;Moravská Nová Ves;61018;Jana Èerného;è.p.;623;;;69155;572690.78;1207234.68;2013-12-05T00:00:00
10012931;584665;Moravská Nová Ves;;;;;98795;Moravská Nová Ves;61310;Ukrajina;è.p.;624;;;69155;572148.64;1207801.20;2013-12-05T00:00:00
10012940;584665;Moravská Nová Ves;;;;;98795;Moravská Nová Ves;61107;Luèní;è.p.;625;;;69155;572094.39;1207749.27;2013-12-05T00:00:00
10012966;584665;Moravská Nová Ves;;;;;98795;Moravská Nová Ves;61271;U Mlýna;è.p.;627;;;69155;572206.12;1207496.73;2013-12-05T00:00:00
10012974;584665;Moravská Nová Ves;;;;;98795;Moravská Nová Ves;61093;Lipová;è.p.;628;;;69155;573579.32;1206845.55;2013-12-05T00:00:00
10012982;584665;Moravská Nová Ves;;;;;98795;Moravská Nová Ves;60976;Anenská;è.p.;629;;;69155;573427.55;1207347.40;2013-12-05T00:00:00
10012991;584665;Moravská Nová Ves;;;;;98795;Moravská Nová Ves;61018;Jana Èerného;è.p.;630;;;69155;572682.93;1207225.91;2013-12-05T00:00:00
10013008;584665;Moravská Nová Ves;;;;;98795;Moravská Nová Ves;61361;Zákoutí;è.p.;631;;;69155;572794.33;1207398.02;2013-12-05T00:00:00
10013016;584665;Moravská Nová Ves;;;;;98795;Moravská Nová Ves;61301;U Trati;è.p.;632;;;69155;572908.04;1207615.11;2013-12-05T00:00:00
10013024;584665;Moravská Nová Ves;;;;;98795;Moravská Nová Ves;61310;Ukrajina;è.p.;633;;;69155;572219.49;1207756.99;2013-12-05T00:00:00
10013032;584665;Moravská Nová Ves;;;;;98795;Moravská Nová Ves;61310;Ukrajina;è.p.;634;;;69155;572157.35;1207798.27;2013-12-05T00:00:00
10013041;584665;Moravská Nová Ves;;;;;98795;Moravská Nová Ves;61310;Ukrajina;è.p.;635;;;69155;572201.48;1207782.42;2013-12-05T00:00:00
10013059;584665;Moravská Nová Ves;;;;;98795;Moravská Nová Ves;61336;V Zahradách;è.p.;636;;;69155;573592.74;1207058.18;2013-12-05T00:00:00
10013067;584665;Moravská Nová Ves;;;;;98795;Moravská Nová Ves;61310;Ukrajina;è.p.;637;;;69155;572117.13;1207793.45;2013-12-05T00:00:00
10013075;584665;Moravská Nová Ves;;;;;98795;Moravská Nová Ves;60992;Hlavní;è.p.;638;;;69155;572800.74;1207532.50;2013-12-05T00:00:00
10013091;584665;Moravská Nová Ves;;;;;98795;Moravská Nová Ves;61310;Ukrajina;è.p.;640;;;69155;572128.60;1207788.95;2013-12-05T00:00:00
10013105;584665;Moravská Nová Ves;;;;;98795;Moravská Nová Ves;61344;Vinohradská;è.p.;641;;;69155;572669.92;1207765.80;2013-12-05T00:00:00
10013113;584665;Moravská Nová Ves;;;;;98795;Moravská Nová Ves;61212;Pod Náspem;è.p.;642;;;69155;572425.81;1207624.45;2013-12-05T00:00:00
10013121;584665;Moravská Nová Ves;;;;;98795;Moravská Nová Ves;61212;Pod Náspem;è.p.;643;;;69155;572415.94;1207621.74;2013-12-05T00:00:00
10013130;584665;Moravská Nová Ves;;;;;98795;Moravská Nová Ves;61123;Na Koncích;è.p.;644;;;69155;573742.76;1206403.50;2013-12-05T00:00:00
10013148;584665;Moravská Nová Ves;;;;;98795;Moravská Nová Ves;60976;Anenská;è.p.;645;;;69155;573445.74;1207364.63;2013-12-05T00:00:00
10013156;584665;Moravská Nová Ves;;;;;98795;Moravská Nová Ves;60976;Anenská;è.p.;646;;;69155;573471.38;1207388.64;2013-12-05T00:00:00
10013164;584665;Moravská Nová Ves;;;;;98795;Moravská Nová Ves;61131;Na Kopci;è.p.;647;;;69155;572402.93;1207676.28;2013-12-05T00:00:00
10013172;584665;Moravská Nová Ves;;;;;98795;Moravská Nová Ves;61018;Jana Èerného;è.p.;648;;;69155;572710.23;1207231.72;2013-12-05T00:00:00
10013181;584665;Moravská Nová Ves;;;;;98795;Moravská Nová Ves;61301;U Trati;è.p.;649;;;69155;572893.43;1207624.40;2013-12-05T00:00:00
10013199;584665;Moravská Nová Ves;;;;;98795;Moravská Nová Ves;61018;Jana Èerného;è.p.;650;;;69155;572701.47;1207221.92;2013-12-05T00:00:00
10013202;584665;Moravská Nová Ves;;;;;98795;Moravská Nová Ves;60976;Anenská;è.p.;651;;;69155;573455.85;1207374.34;2013-12-05T00:00:00
10013211;584665;Moravská Nová Ves;;;;;98795;Moravská Nová Ves;61042;Kamenná;è.p.;652;;;69155;572556.84;1207583.33;2013-12-05T00:00:00
10013229;584665;Moravská Nová Ves;;;;;98795;Moravská Nová Ves;60976;Anenská;è.p.;653;;;69155;573465.00;1207382.98;2013-12-05T00:00:00
10013237;584665;Moravská Nová Ves;;;;;98795;Moravská Nová Ves;61018;Jana Èerného;è.p.;654;;;69155;572767.94;1207293.86;2013-12-05T00:00:00
10013245;584665;Moravská Nová Ves;;;;;98795;Moravská Nová Ves;61107;Luèní;è.p.;655;;;69155;572237.56;1207633.70;2013-12-05T00:00:00
10013253;584665;Moravská Nová Ves;;;;;98795;Moravská Nová Ves;61042;Kamenná;è.p.;656;;;69155;572706.26;1207540.23;2013-12-05T00:00:00
10013261;584665;Moravská Nová Ves;;;;;98795;Moravská Nová Ves;61018;Jana Èerného;è.p.;657;;;69155;572577.42;1207102.13;2013-12-05T00:00:00
10013270;584665;Moravská Nová Ves;;;;;98795;Moravská Nová Ves;61344;Vinohradská;è.p.;658;;;69155;572727.03;1207822.72;2013-12-05T00:00:00
10013288;584665;Moravská Nová Ves;;;;;98795;Moravská Nová Ves;61093;Lipová;è.p.;659;;;69155;573368.03;1207221.99;2013-12-05T00:00:00
10013296;584665;Moravská Nová Ves;;;;;98795;Moravská Nová Ves;61107;Luèní;è.p.;660;;;69155;572217.03;1207646.72;2013-12-05T00:00:00
10013300;584665;Moravská Nová Ves;;;;;98795;Moravská Nová Ves;61093;Lipová;è.p.;661;;;69155;573352.86;1207241.74;2013-12-05T00:00:00
10013318;584665;Moravská Nová Ves;;;;;98795;Moravská Nová Ves;60976;Anenská;è.p.;662;;;69155;573436.12;1207355.36;2013-12-05T00:00:00
10013326;584665;Moravská Nová Ves;;;;;98795;Moravská Nová Ves;61310;Ukrajina;è.p.;663;;;69155;572230.95;1207752.81;2013-12-05T00:00:00
10013334;584665;Moravská Nová Ves;;;;;98795;Moravská Nová Ves;61166;Na Øádku;è.p.;664;;;69155;573314.36;1207386.19;2013-12-05T00:00:00
10013342;584665;Moravská Nová Ves;;;;;98795;Moravská Nová Ves;60976;Anenská;è.p.;665;;;69155;573489.39;1207406.65;2013-12-05T00:00:00
10013369;584665;Moravská Nová Ves;;;;;98795;Moravská Nová Ves;61166;Na Øádku;è.p.;667;;;69155;573342.95;1207324.40;2013-12-05T00:00:00
10013377;584665;Moravská Nová Ves;;;;;98795;Moravská Nová Ves;60976;Anenská;è.p.;668;;;69155;573387.02;1207273.93;2013-12-05T00:00:00
10013385;584665;Moravská Nová Ves;;;;;98795;Moravská Nová Ves;60992;Hlavní;è.p.;669;;;69155;572823.69;1207578.70;2013-12-05T00:00:00
10013393;584665;Moravská Nová Ves;;;;;98795;Moravská Nová Ves;61204;Pod Kostelem;è.p.;670;;;69155;573328.33;1207270.57;2013-12-05T00:00:00
10013407;584665;Moravská Nová Ves;;;;;98795;Moravská Nová Ves;61182;námìstí Republiky;è.p.;671;;;69155;573074.67;1207359.17;2013-12-05T00:00:00
10013415;584665;Moravská Nová Ves;;;;;98795;Moravská Nová Ves;61174;Na Výsluní;è.p.;672;;;69155;572720.47;1207305.41;2013-12-05T00:00:00
10013423;584665;Moravská Nová Ves;;;;;98795;Moravská Nová Ves;61140;Na Mlatì;è.p.;673;;;69155;573486.90;1206499.51;2013-12-05T00:00:00
10013431;584665;Moravská Nová Ves;;;;;98795;Moravská Nová Ves;61042;Kamenná;è.p.;674;;;69155;572669.33;1207557.77;2013-12-05T00:00:00
10013440;584665;Moravská Nová Ves;;;;;98795;Moravská Nová Ves;61166;Na Øádku;è.p.;675;;;69155;573306.87;1207367.40;2013-12-05T00:00:00
10013458;584665;Moravská Nová Ves;;;;;98795;Moravská Nová Ves;61018;Jana Èerného;è.p.;676;;;69155;572684.89;1207203.48;2013-12-05T00:00:00
10013466;584665;Moravská Nová Ves;;;;;98795;Moravská Nová Ves;61310;Ukrajina;è.p.;677;;;69155;572106.84;1207796.72;2013-12-05T00:00:00
10013474;584665;Moravská Nová Ves;;;;;98795;Moravská Nová Ves;61069;Krátká;è.p.;678;;;69155;572301.98;1207664.95;2013-12-05T00:00:00
10013482;584665;Moravská Nová Ves;;;;;98795;Moravská Nová Ves;61069;Krátká;è.p.;679;;;69155;572298.03;1207654.07;2013-12-05T00:00:00
10013491;584665;Moravská Nová Ves;;;;;98795;Moravská Nová Ves;61069;Krátká;è.p.;680;;;69155;572305.26;1207675.51;2013-12-05T00:00:00
10013504;584665;Moravská Nová Ves;;;;;98795;Moravská Nová Ves;61069;Krátká;è.p.;681;;;69155;572308.89;1207687.47;2013-12-05T00:00:00
10013512;584665;Moravská Nová Ves;;;;;98795;Moravská Nová Ves;61212;Pod Náspem;è.p.;682;;;69155;572293.89;1207632.87;2013-12-05T00:00:00
10013521;584665;Moravská Nová Ves;;;;;98795;Moravská Nová Ves;61212;Pod Náspem;è.p.;683;;;69155;572327.69;1207637.08;2013-12-05T00:00:00
10013539;584665;Moravská Nová Ves;;;;;98795;Moravská Nová Ves;61310;Ukrajina;è.p.;684;;;69155;572111.64;1207814.39;2013-12-05T00:00:00
10013547;584665;Moravská Nová Ves;;;;;98795;Moravská Nová Ves;61310;Ukrajina;è.p.;685;;;69155;572242.14;1207748.76;2013-12-05T00:00:00
10013555;584665;Moravská Nová Ves;;;;;98795;Moravská Nová Ves;61051;Kováøská;è.p.;686;;;69155;573184.03;1207432.83;2013-12-05T00:00:00
10013563;584665;Moravská Nová Ves;;;;;98795;Moravská Nová Ves;61140;Na Mlatì;è.p.;687;;;69155;573534.81;1206451.95;2013-12-05T00:00:00
10013571;584665;Moravská Nová Ves;;;;;98795;Moravská Nová Ves;61212;Pod Náspem;è.p.;688;;;69155;572436.78;1207627.15;2013-12-05T00:00:00
10013580;584665;Moravská Nová Ves;;;;;98795;Moravská Nová Ves;60992;Hlavní;è.p.;689;;;69155;572738.65;1207601.73;2013-12-05T00:00:00
10013598;584665;Moravská Nová Ves;;;;;98795;Moravská Nová Ves;61212;Pod Náspem;è.p.;690;;;69155;572339.05;1207638.32;2013-12-05T00:00:00
10013601;584665;Moravská Nová Ves;;;;;98795;Moravská Nová Ves;61107;Luèní;è.p.;691;;;69155;572007.62;1207854.57;2013-12-05T00:00:00
10013610;584665;Moravská Nová Ves;;;;;98795;Moravská Nová Ves;61280;U Sokolovny;è.p.;692;;;69155;572857.86;1207148.82;2013-12-05T00:00:00
10013628;584665;Moravská Nová Ves;;;;;98795;Moravská Nová Ves;61051;Kováøská;è.p.;693;;;69155;573163.78;1207452.29;2013-12-05T00:00:00
10013636;584665;Moravská Nová Ves;;;;;98795;Moravská Nová Ves;61107;Luèní;è.p.;694;;;69155;572015.25;1207846.60;2013-12-05T00:00:00
10013644;584665;Moravská Nová Ves;;;;;98795;Moravská Nová Ves;60976;Anenská;è.p.;695;;;69155;573481.30;1207398.73;2013-12-05T00:00:00
10013652;584665;Moravská Nová Ves;;;;;98795;Moravská Nová Ves;61107;Luèní;è.p.;696;;;69155;571999.20;1207864.04;2013-12-05T00:00:00
10013661;584665;Moravská Nová Ves;;;;;98795;Moravská Nová Ves;60976;Anenská;è.p.;697;;;69155;573415.16;1207300.08;2013-12-05T00:00:00
10013679;584665;Moravská Nová Ves;;;;;98795;Moravská Nová Ves;61107;Luèní;è.p.;698;;;69155;571991.42;1207872.42;2013-12-05T00:00:00
10013687;584665;Moravská Nová Ves;;;;;98795;Moravská Nová Ves;61107;Luèní;è.p.;699;;;69155;572023.50;1207837.52;2013-12-05T00:00:00
10013695;584665;Moravská Nová Ves;;;;;98795;Moravská Nová Ves;61352;Vítìzství;è.p.;700;;;69155;573150.06;1206968.54;2013-12-05T00:00:00
10013709;584665;Moravská Nová Ves;;;;;98795;Moravská Nová Ves;61123;Na Koncích;è.p.;701;;;69155;573756.49;1206383.85;2013-12-05T00:00:00
10013717;584665;Moravská Nová Ves;;;;;98795;Moravská Nová Ves;61107;Luèní;è.p.;702;;;69155;572038.74;1207820.48;2013-12-05T00:00:00
10013725;584665;Moravská Nová Ves;;;;;98795;Moravská Nová Ves;61107;Luèní;è.p.;703;;;69155;572047.27;1207811.32;2013-12-05T00:00:00
10013733;584665;Moravská Nová Ves;;;;;98795;Moravská Nová Ves;61107;Luèní;è.p.;704;;;69155;572030.76;1207829.25;2013-12-05T00:00:00
10013741;584665;Moravská Nová Ves;;;;;98795;Moravská Nová Ves;60984;Dolní;è.p.;705;;;69155;573426.97;1206889.75;2013-12-05T00:00:00
10013750;584665;Moravská Nová Ves;;;;;98795;Moravská Nová Ves;61107;Luèní;è.p.;706;;;69155;571984.52;1207880.03;2013-12-05T00:00:00
10013768;584665;Moravská Nová Ves;;;;;98795;Moravská Nová Ves;61344;Vinohradská;è.p.;707;;;69155;572786.08;1207884.04;2013-12-05T00:00:00
10013776;584665;Moravská Nová Ves;;;;;98795;Moravská Nová Ves;61093;Lipová;è.p.;708;;;69155;573713.51;1206654.75;2013-12-05T00:00:00
10013784;584665;Moravská Nová Ves;;;;;98795;Moravská Nová Ves;61018;Jana Èerného;è.p.;709;;;69155;572693.12;1207212.88;2013-12-05T00:00:00
10013792;584665;Moravská Nová Ves;;;;;98795;Moravská Nová Ves;61301;U Trati;è.p.;710;;;69155;572882.62;1207630.98;2013-12-05T00:00:00
10013806;584665;Moravská Nová Ves;;;;;98795;Moravská Nová Ves;60984;Dolní;è.p.;711;;;69155;573416.57;1206959.14;2013-12-05T00:00:00
10013814;584665;Moravská Nová Ves;;;;;98795;Moravská Nová Ves;61093;Lipová;è.p.;712;;;69155;573627.20;1206791.83;2013-12-05T00:00:00
10013822;584665;Moravská Nová Ves;;;;;98795;Moravská Nová Ves;60976;Anenská;è.p.;713;;;69155;573426.43;1207309.59;2013-12-05T00:00:00
10013831;584665;Moravská Nová Ves;;;;;98795;Moravská Nová Ves;61107;Luèní;è.p.;714;;;69155;572053.68;1207804.02;2013-12-05T00:00:00
10013849;584665;Moravská Nová Ves;;;;;98795;Moravská Nová Ves;61123;Na Koncích;è.p.;715;;;69155;573765.70;1206372.16;2013-12-05T00:00:00
10013857;584665;Moravská Nová Ves;;;;;98795;Moravská Nová Ves;61123;Na Koncích;è.p.;716;;;69155;573773.96;1206361.16;2013-12-05T00:00:00
10013865;584665;Moravská Nová Ves;;;;;98795;Moravská Nová Ves;61140;Na Mlatì;è.p.;717;;;69155;573576.45;1206398.33;2013-12-05T00:00:00
10013873;584665;Moravská Nová Ves;;;;;98795;Moravská Nová Ves;61123;Na Koncích;è.p.;718;;;69155;573788.11;1206341.47;2013-12-05T00:00:00
10013881;584665;Moravská Nová Ves;;;;;98795;Moravská Nová Ves;61123;Na Koncích;è.p.;719;;;69155;573781.36;1206350.81;2013-12-05T00:00:00
10013903;584665;Moravská Nová Ves;;;;;98795;Moravská Nová Ves;61379;Zelnièky;è.p.;721;;;69155;572087.64;1207840.48;2013-12-05T00:00:00
10013911;584665;Moravská Nová Ves;;;;;98795;Moravská Nová Ves;60984;Dolní;è.p.;722;;;69155;573273.85;1207051.22;2013-12-05T00:00:00
10013920;584665;Moravská Nová Ves;;;;;98795;Moravská Nová Ves;61107;Luèní;è.p.;723;;;69155;572071.30;1207783.21;2013-12-05T00:00:00
10013938;584665;Moravská Nová Ves;;;;;98795;Moravská Nová Ves;61361;Zákoutí;è.p.;724;;;69155;572799.99;1207392.45;2013-12-05T00:00:00
10013946;584665;Moravská Nová Ves;;;;;98795;Moravská Nová Ves;61107;Luèní;è.p.;725;;;69155;572063.40;1207792.63;2013-12-05T00:00:00
10013954;584665;Moravská Nová Ves;;;;;98795;Moravská Nová Ves;61204;Pod Kostelem;è.p.;726;;;69155;573234.61;1207342.48;2013-12-05T00:00:00
10013962;584665;Moravská Nová Ves;;;;;98795;Moravská Nová Ves;61271;U Mlýna;è.p.;727;;;69155;572184.02;1207473.76;2013-12-05T00:00:00
10013971;584665;Moravská Nová Ves;;;;;98795;Moravská Nová Ves;61093;Lipová;è.p.;728;;;69155;573374.20;1207215.51;2013-12-05T00:00:00
10013989;584665;Moravská Nová Ves;;;;;98795;Moravská Nová Ves;61379;Zelnièky;è.p.;729;;;69155;572069.83;1207858.46;2013-12-05T00:00:00
10013997;584665;Moravská Nová Ves;;;;;98795;Moravská Nová Ves;61379;Zelnièky;è.p.;730;;;69155;572077.88;1207850.73;2013-12-05T00:00:00
10014004;584665;Moravská Nová Ves;;;;;98795;Moravská Nová Ves;61271;U Mlýna;è.p.;731;;;69155;572115.61;1207418.30;2013-12-05T00:00:00
10014012;584665;Moravská Nová Ves;;;;;98795;Moravská Nová Ves;61123;Na Koncích;è.p.;732;;;69155;573727.03;1206424.59;2013-12-05T00:00:00
10014021;584665;Moravská Nová Ves;;;;;98795;Moravská Nová Ves;61379;Zelnièky;è.p.;733;;;69155;572061.82;1207866.48;2013-12-05T00:00:00
10014039;584665;Moravská Nová Ves;;;;;98795;Moravská Nová Ves;61263;U Jordánky;è.p.;734;;;69155;572929.32;1207264.40;2013-12-05T00:00:00
10014047;584665;Moravská Nová Ves;;;;;98795;Moravská Nová Ves;61085;Kvìtná;è.p.;735;;;69155;573436.56;1207213.11;2013-12-05T00:00:00
10014055;584665;Moravská Nová Ves;;;;;98795;Moravská Nová Ves;61301;U Trati;è.p.;736;;;69155;572838.74;1207619.15;2013-12-05T00:00:00
10014063;584665;Moravská Nová Ves;;;;;98795;Moravská Nová Ves;61204;Pod Kostelem;è.p.;737;;;69155;573297.56;1207260.73;2013-12-05T00:00:00
10014071;584665;Moravská Nová Ves;;;;;98795;Moravská Nová Ves;61379;Zelnièky;è.p.;738;;;69155;572094.95;1207832.66;2013-12-05T00:00:00
10014080;584665;Moravská Nová Ves;;;;;98795;Moravská Nová Ves;61123;Na Koncích;è.p.;739;;;69155;573706.18;1206455.55;2013-12-05T00:00:00
10014098;584665;Moravská Nová Ves;;;;;98795;Moravská Nová Ves;61042;Kamenná;è.p.;740;;;69155;572591.91;1207570.15;2013-12-05T00:00:00
10014101;584665;Moravská Nová Ves;;;;;98795;Moravská Nová Ves;61093;Lipová;è.p.;741;;;69155;573599.04;1206849.29;2013-12-05T00:00:00
10014110;584665;Moravská Nová Ves;;;;;98795;Moravská Nová Ves;61158;Na Rynku;è.p.;742;;;69155;573575.44;1206664.32;2013-12-05T00:00:00
10014128;584665;Moravská Nová Ves;;;;;98795;Moravská Nová Ves;61182;námìstí Republiky;è.p.;743;;;69155;573204.92;1207246.76;2013-12-05T00:00:00
10014136;584665;Moravská Nová Ves;;;;;98795;Moravská Nová Ves;61379;Zelnièky;è.p.;744;;;69155;572027.95;1207900.22;2013-12-05T00:00:00
10014144;584665;Moravská Nová Ves;;;;;98795;Moravská Nová Ves;61310;Ukrajina;è.p.;745;;;69155;572122.62;1207810.39;2013-12-05T00:00:00
10014152;584665;Moravská Nová Ves;;;;;98795;Moravská Nová Ves;61042;Kamenná;è.p.;746;;;69155;572524.73;1207573.09;2013-12-05T00:00:00
10014161;584665;Moravská Nová Ves;;;;;98795;Moravská Nová Ves;61018;Jana Èerného;è.p.;747;;;69155;572673.27;1207188.92;2013-12-05T00:00:00
10014179;584665;Moravská Nová Ves;;;;;98795;Moravská Nová Ves;60976;Anenská;è.p.;748;;;69155;573434.81;1207317.98;2013-12-05T00:00:00
10014187;584665;Moravská Nová Ves;;;;;98795;Moravská Nová Ves;61379;Zelnièky;è.p.;749;;;69155;572020.44;1207908.10;2013-12-05T00:00:00
10014195;584665;Moravská Nová Ves;;;;;98795;Moravská Nová Ves;61379;Zelnièky;è.p.;750;;;69155;572053.51;1207874.96;2013-12-05T00:00:00
10014209;584665;Moravská Nová Ves;;;;;98795;Moravská Nová Ves;61239;Sadová;è.p.;751;;;69155;573158.94;1207630.47;2013-12-05T00:00:00
10014217;584665;Moravská Nová Ves;;;;;98795;Moravská Nová Ves;61093;Lipová;è.p.;752;;;69155;573623.60;1206798.88;2013-12-05T00:00:00
10014225;584665;Moravská Nová Ves;;;;;98795;Moravská Nová Ves;61379;Zelnièky;è.p.;753;;;69155;572036.46;1207891.85;2013-12-05T00:00:00
10014233;584665;Moravská Nová Ves;;;;;98795;Moravská Nová Ves;61239;Sadová;è.p.;754;;;69155;573157.58;1207643.69;2013-12-05T00:00:00
10014241;584665;Moravská Nová Ves;;;;;98795;Moravská Nová Ves;61051;Kováøská;è.p.;755;;;69155;573141.15;1207474.26;2013-12-05T00:00:00
10014250;584665;Moravská Nová Ves;;;;;98795;Moravská Nová Ves;61018;Jana Èerného;è.p.;756;;;69155;572651.89;1207166.08;2013-12-05T00:00:00
10014268;584665;Moravská Nová Ves;;;;;98795;Moravská Nová Ves;61018;Jana Èerného;è.p.;757;;;69155;572659.61;1207174.91;2013-12-05T00:00:00
10014276;584665;Moravská Nová Ves;;;;;98795;Moravská Nová Ves;61131;Na Kopci;è.p.;758;;;69155;572426.37;1207668.20;2013-12-05T00:00:00
10014284;584665;Moravská Nová Ves;;;;;98795;Moravská Nová Ves;61239;Sadová;è.p.;759;;;69155;573167.75;1207562.04;2013-12-05T00:00:00
10014292;584665;Moravská Nová Ves;;;;;98795;Moravská Nová Ves;61018;Jana Èerného;è.p.;760;;;69155;572641.14;1207179.21;2013-12-05T00:00:00
10014314;584665;Moravská Nová Ves;;;;;98795;Moravská Nová Ves;61042;Kamenná;è.p.;762;;;69155;572595.09;1207615.48;2013-12-05T00:00:00
10014322;584665;Moravská Nová Ves;;;;;98795;Moravská Nová Ves;61212;Pod Náspem;è.p.;763;;;69155;572362.45;1207641.21;2013-12-05T00:00:00
10014331;584665;Moravská Nová Ves;;;;;98795;Moravská Nová Ves;61239;Sadová;è.p.;764;;;69155;573163.83;1207621.05;2013-12-05T00:00:00
10014349;584665;Moravská Nová Ves;;;;;98795;Moravská Nová Ves;61298;U Studénky;è.p.;765;;;69155;572293.64;1207809.23;2013-12-05T00:00:00
10014357;584665;Moravská Nová Ves;;;;;98795;Moravská Nová Ves;61379;Zelnièky;è.p.;766;;;69155;571994.50;1207907.23;2013-12-05T00:00:00
10014365;584665;Moravská Nová Ves;;;;;98795;Moravská Nová Ves;61018;Jana Èerného;è.p.;767;;;69155;572601.68;1207107.06;2013-12-05T00:00:00
10014373;584665;Moravská Nová Ves;;;;;98795;Moravská Nová Ves;61107;Luèní;è.p.;768;;;69155;571977.00;1207888.38;2013-12-05T00:00:00
10014381;584665;Moravská Nová Ves;;;;;98795;Moravská Nová Ves;61131;Na Kopci;è.p.;769;;;69155;572373.80;1207720.94;2013-12-05T00:00:00
10014390;584665;Moravská Nová Ves;;;;;98795;Moravská Nová Ves;60992;Hlavní;è.p.;770;;;69155;573033.98;1207349.07;2013-12-05T00:00:00
10014403;584665;Moravská Nová Ves;;;;;98795;Moravská Nová Ves;61174;Na Výsluní;è.p.;771;;;69155;572476.87;1207534.67;2013-12-05T00:00:00
10014411;584665;Moravská Nová Ves;;;;;98795;Moravská Nová Ves;61107;Luèní;è.p.;772;;;69155;571971.15;1207895.06;2013-12-05T00:00:00
10014420;584665;Moravská Nová Ves;;;;;98795;Moravská Nová Ves;61174;Na Výsluní;è.p.;773;;;69155;572497.22;1207483.29;2013-12-05T00:00:00
10014438;584665;Moravská Nová Ves;;;;;98795;Moravská Nová Ves;61093;Lipová;è.p.;774;;;69155;573593.26;1206860.73;2013-12-05T00:00:00
10014446;584665;Moravská Nová Ves;;;;;98795;Moravská Nová Ves;61093;Lipová;è.p.;775;;;69155;573406.94;1207174.97;2013-12-05T00:00:00
10014454;584665;Moravská Nová Ves;;;;;98795;Moravská Nová Ves;61212;Pod Náspem;è.p.;776;;;69155;572350.48;1207639.80;2013-12-05T00:00:00
10014462;584665;Moravská Nová Ves;;;;;98795;Moravská Nová Ves;60976;Anenská;è.p.;777;;;69155;573461.85;1207341.11;2013-12-05T00:00:00
10014471;584665;Moravská Nová Ves;;;;;98795;Moravská Nová Ves;60976;Anenská;è.p.;778;;;69155;573450.86;1207330.59;2013-12-05T00:00:00
10014489;584665;Moravská Nová Ves;;;;;98795;Moravská Nová Ves;61131;Na Kopci;è.p.;779;;;69155;572414.55;1207672.15;2013-12-05T00:00:00
10014497;584665;Moravská Nová Ves;;;;;98795;Moravská Nová Ves;61018;Jana Èerného;è.p.;780;;;69155;572669.07;1207210.75;2013-12-05T00:00:00
10014501;584665;Moravská Nová Ves;;;;;98795;Moravská Nová Ves;61352;Vítìzství;è.p.;781;;;69155;573193.35;1206911.40;2013-12-05T00:00:00
10014519;584665;Moravská Nová Ves;;;;;98795;Moravská Nová Ves;61018;Jana Èerného;è.p.;782;;;69155;572621.80;1207130.72;2013-12-05T00:00:00
10014527;584665;Moravská Nová Ves;;;;;98795;Moravská Nová Ves;61107;Luèní;è.p.;783;;;69155;571962.56;1207903.97;2013-12-05T00:00:00
10014535;584665;Moravská Nová Ves;;;;;98795;Moravská Nová Ves;61018;Jana Èerného;è.p.;784;;;69155;572662.06;1207202.73;2013-12-05T00:00:00
10014543;584665;Moravská Nová Ves;;;;;98795;Moravská Nová Ves;61191;Nárožní;è.p.;785;;;69155;572981.59;1207502.65;2013-12-05T00:00:00
10014551;584665;Moravská Nová Ves;;;;;98795;Moravská Nová Ves;61123;Na Koncích;è.p.;786;;;69155;573802.66;1206321.79;2013-12-05T00:00:00
10014560;584665;Moravská Nová Ves;;;;;98795;Moravská Nová Ves;61018;Jana Èerného;è.p.;787;;;69155;572647.79;1207187.83;2013-12-05T00:00:00
10014578;584665;Moravská Nová Ves;;;;;98795;Moravská Nová Ves;61077;Kukvická;è.p.;788;;;69155;573511.06;1206354.40;2013-12-05T00:00:00
10014586;584665;Moravská Nová Ves;;;;;98795;Moravská Nová Ves;61018;Jana Èerného;è.p.;789;;;69155;572592.67;1207095.34;2013-12-05T00:00:00
10014594;584665;Moravská Nová Ves;;;;;98795;Moravská Nová Ves;61182;námìstí Republiky;è.p.;790;;;69155;573086.45;1207371.17;2013-12-05T00:00:00
10014608;584665;Moravská Nová Ves;;;;;98795;Moravská Nová Ves;61034;Josefovské chalupy;è.p.;791;;;69155;573442.43;1206533.80;2013-12-05T00:00:00
10014616;584665;Moravská Nová Ves;;;;;98795;Moravská Nová Ves;61018;Jana Èerného;è.p.;792;;;69155;572577.68;1207076.16;2013-12-05T00:00:00
10014624;584665;Moravská Nová Ves;;;;;98795;Moravská Nová Ves;61018;Jana Èerného;è.p.;793;;;69155;572584.63;1207085.44;2013-12-05T00:00:00
10014632;584665;Moravská Nová Ves;;;;;98795;Moravská Nová Ves;61018;Jana Èerného;è.p.;794;;;69155;572569.92;1207066.71;2013-12-05T00:00:00
10014641;584665;Moravská Nová Ves;;;;;98795;Moravská Nová Ves;61131;Na Kopci;è.p.;795;;;69155;572404.13;1207700.39;2013-12-05T00:00:00
10014659;584665;Moravská Nová Ves;;;;;98795;Moravská Nová Ves;61174;Na Výsluní;è.p.;796;;;69155;572646.98;1207375.93;2013-12-05T00:00:00
10014667;584665;Moravská Nová Ves;;;;;98795;Moravská Nová Ves;61174;Na Výsluní;è.p.;797;;;69155;572628.20;1207359.99;2013-12-05T00:00:00
10014675;584665;Moravská Nová Ves;;;;;98795;Moravská Nová Ves;61123;Na Koncích;è.p.;798;;;69155;573807.92;1206314.81;2013-12-05T00:00:00
10014683;584665;Moravská Nová Ves;;;;;98795;Moravská Nová Ves;61018;Jana Èerného;è.p.;799;;;69155;572632.94;1207169.75;2013-12-05T00:00:00
10014691;584665;Moravská Nová Ves;;;;;98795;Moravská Nová Ves;61018;Jana Èerného;è.p.;800;;;69155;572585.53;1207114.39;2013-12-05T00:00:00
10014705;584665;Moravská Nová Ves;;;;;98795;Moravská Nová Ves;61310;Ukrajina;è.p.;801;;;69155;572143.13;1207803.25;2013-12-05T00:00:00
10014713;584665;Moravská Nová Ves;;;;;98795;Moravská Nová Ves;61123;Na Koncích;è.p.;802;;;69155;573813.62;1206306.81;2013-12-05T00:00:00
10014721;584665;Moravská Nová Ves;;;;;98795;Moravská Nová Ves;61280;U Sokolovny;è.p.;803;;;69155;572827.37;1207172.47;2013-12-05T00:00:00
10014730;584665;Moravská Nová Ves;;;;;98795;Moravská Nová Ves;61280;U Sokolovny;è.p.;804;;;69155;572805.80;1207226.95;2013-12-05T00:00:00
10014748;584665;Moravská Nová Ves;;;;;98795;Moravská Nová Ves;61107;Luèní;è.p.;805;;;69155;571956.78;1207909.92;2013-12-05T00:00:00
10014756;584665;Moravská Nová Ves;;;;;98795;Moravská Nová Ves;61018;Jana Èerného;è.p.;806;;;69155;572614.29;1207147.76;2013-12-05T00:00:00
10014764;584665;Moravská Nová Ves;;;;;98795;Moravská Nová Ves;61077;Kukvická;è.p.;807;;;69155;573516.90;1206346.01;2013-12-05T00:00:00
10014772;584665;Moravská Nová Ves;;;;;98795;Moravská Nová Ves;60976;Anenská;è.p.;808;;;69155;573474.63;1207445.56;2013-12-05T00:00:00
10014781;584665;Moravská Nová Ves;;;;;98795;Moravská Nová Ves;61280;U Sokolovny;è.p.;809;;;69155;572827.74;1207206.48;2013-12-05T00:00:00
10014799;584665;Moravská Nová Ves;;;;;98795;Moravská Nová Ves;61174;Na Výsluní;è.p.;810;;;69155;572484.20;1207527.82;2013-12-05T00:00:00
10014802;584665;Moravská Nová Ves;;;;;98795;Moravská Nová Ves;61344;Vinohradská;è.p.;811;;;69155;572864.84;1207962.50;2013-12-05T00:00:00
10014829;584665;Moravská Nová Ves;;;;;98795;Moravská Nová Ves;61018;Jana Èerného;è.p.;813;;;69155;572562.24;1207056.86;2013-12-05T00:00:00
10014837;584665;Moravská Nová Ves;;;;;98795;Moravská Nová Ves;61352;Vítìzství;è.p.;814;;;69155;573162.55;1206952.03;2013-12-05T00:00:00
10014845;584665;Moravská Nová Ves;;;;;98795;Moravská Nová Ves;61379;Zelnièky;è.p.;815;;;69155;571991.19;1207938.16;2013-12-05T00:00:00
10014853;584665;Moravská Nová Ves;;;;;98795;Moravská Nová Ves;61085;Kvìtná;è.p.;816;;;69155;573451.63;1207198.76;2013-12-05T00:00:00
10014861;584665;Moravská Nová Ves;;;;;98795;Moravská Nová Ves;61085;Kvìtná;è.p.;817;;;69155;573462.97;1207181.23;2013-12-05T00:00:00
10014870;584665;Moravská Nová Ves;;;;;98795;Moravská Nová Ves;61085;Kvìtná;è.p.;818;;;69155;573474.97;1207166.65;2013-12-05T00:00:00
10014888;584665;Moravská Nová Ves;;;;;98795;Moravská Nová Ves;61085;Kvìtná;è.p.;819;;;69155;573485.61;1207153.91;2013-12-05T00:00:00
10014896;584665;Moravská Nová Ves;;;;;98795;Moravská Nová Ves;61123;Na Koncích;è.p.;820;;;69155;573698.40;1206466.05;2013-12-05T00:00:00
10014900;584665;Moravská Nová Ves;;;;;98795;Moravská Nová Ves;61352;Vítìzství;è.p.;821;;;69155;573079.22;1207040.30;2013-12-05T00:00:00
10014918;584665;Moravská Nová Ves;;;;;98795;Moravská Nová Ves;61123;Na Koncích;è.p.;822;;;69155;573733.76;1206415.61;2013-12-05T00:00:00
10014926;584665;Moravská Nová Ves;;;;;98795;Moravská Nová Ves;61174;Na Výsluní;è.p.;823;;;69155;572693.87;1207330.64;2013-12-05T00:00:00
10014934;584665;Moravská Nová Ves;;;;;98795;Moravská Nová Ves;61336;V Zahradách;è.p.;824;;;69155;573531.87;1207111.09;2013-12-05T00:00:00
10014942;584665;Moravská Nová Ves;;;;;98795;Moravská Nová Ves;61271;U Mlýna;è.p.;825;;;69155;572151.14;1207443.17;2013-12-05T00:00:00
10014951;584665;Moravská Nová Ves;;;;;98795;Moravská Nová Ves;61174;Na Výsluní;è.p.;826;;;69155;572648.18;1207340.87;2013-12-05T00:00:00
10014969;584665;Moravská Nová Ves;;;;;98795;Moravská Nová Ves;61352;Vítìzství;è.p.;827;;;69155;573282.91;1206773.62;2013-12-05T00:00:00
10014977;584665;Moravská Nová Ves;;;;;98795;Moravská Nová Ves;61352;Vítìzství;è.p.;828;;;69155;573234.95;1206848.80;2013-12-05T00:00:00
10014985;584665;Moravská Nová Ves;;;;;98795;Moravská Nová Ves;61352;Vítìzství;è.p.;829;;;69155;573248.01;1206828.48;2013-12-05T00:00:00
10015001;584665;Moravská Nová Ves;;;;;98795;Moravská Nová Ves;61336;V Zahradách;è.p.;831;;;69155;573560.53;1207089.36;2013-12-05T00:00:00
10015019;584665;Moravská Nová Ves;;;;;98795;Moravská Nová Ves;61204;Pod Kostelem;è.p.;832;;;69155;573163.21;1207347.60;2013-12-05T00:00:00
10015027;584665;Moravská Nová Ves;;;;;98795;Moravská Nová Ves;61093;Lipová;è.p.;833;;;69155;573655.49;1206735.84;2013-12-05T00:00:00
10015035;584665;Moravská Nová Ves;;;;;98795;Moravská Nová Ves;61174;Na Výsluní;è.p.;834;;;69155;572636.72;1207384.53;2013-12-05T00:00:00
10015043;584665;Moravská Nová Ves;;;;;98795;Moravská Nová Ves;61158;Na Rynku;è.p.;835;;;69155;573675.57;1206525.18;2013-12-05T00:00:00
10015051;584665;Moravská Nová Ves;;;;;98795;Moravská Nová Ves;61158;Na Rynku;è.p.;836;;;69155;573697.11;1206539.94;2013-12-05T00:00:00
10015060;584665;Moravská Nová Ves;;;;;98795;Moravská Nová Ves;61336;V Zahradách;è.p.;837;;;69155;573547.10;1207099.07;2013-12-05T00:00:00
10015078;584665;Moravská Nová Ves;;;;;98795;Moravská Nová Ves;61379;Zelnièky;è.p.;838;;;69155;572044.13;1207913.39;2013-12-05T00:00:00
10015086;584665;Moravská Nová Ves;;;;;98795;Moravská Nová Ves;61271;U Mlýna;è.p.;839;;;69155;572124.06;1207425.48;2013-12-05T00:00:00
10015094;584665;Moravská Nová Ves;;;;;98795;Moravská Nová Ves;61018;Jana Èerného;è.p.;840;;;69155;572566.27;1207087.90;2013-12-05T00:00:00
10015108;584665;Moravská Nová Ves;;;;;98795;Moravská Nová Ves;61174;Na Výsluní;è.p.;841;;;69155;572566.51;1207450.51;2013-12-05T00:00:00
10015116;584665;Moravská Nová Ves;;;;;98795;Moravská Nová Ves;61018;Jana Èerného;è.p.;842;;;69155;572644.26;1207156.41;2013-12-05T00:00:00
10015124;584665;Moravská Nová Ves;;;;;98795;Moravská Nová Ves;61239;Sadová;è.p.;843;;;69155;573199.25;1207637.57;2013-12-05T00:00:00
10015132;584665;Moravská Nová Ves;;;;;98795;Moravská Nová Ves;61239;Sadová;è.p.;844;;;69155;573202.13;1207612.51;2013-12-05T00:00:00
10015141;584665;Moravská Nová Ves;;;;;98795;Moravská Nová Ves;61239;Sadová;è.p.;845;;;69155;573195.96;1207663.16;2013-12-05T00:00:00
10015159;584665;Moravská Nová Ves;;;;;98795;Moravská Nová Ves;61239;Sadová;è.p.;846;;;69155;573205.49;1207587.39;2013-12-05T00:00:00
10015167;584665;Moravská Nová Ves;;;;;98795;Moravská Nová Ves;61239;Sadová;è.p.;847;;;69155;573190.42;1207703.81;2013-12-05T00:00:00
10015175;584665;Moravská Nová Ves;;;;;98795;Moravská Nová Ves;61239;Sadová;è.p.;848;;;69155;573186.58;1207732.26;2013-12-05T00:00:00
10015183;584665;Moravská Nová Ves;;;;;98795;Moravská Nová Ves;61239;Sadová;è.p.;849;;;69155;573183.16;1207758.53;2013-12-05T00:00:00
10015191;584665;Moravská Nová Ves;;;;;98795;Moravská Nová Ves;61280;U Sokolovny;è.p.;850;;;69155;572789.26;1207210.31;2013-12-05T00:00:00
10015205;584665;Moravská Nová Ves;;;;;98795;Moravská Nová Ves;61280;U Sokolovny;è.p.;851;;;69155;572783.84;1207204.36;2013-12-05T00:00:00
10015213;584665;Moravská Nová Ves;;;;;98795;Moravská Nová Ves;61280;U Sokolovny;è.p.;852;;;69155;572777.76;1207197.73;2013-12-05T00:00:00
10015221;584665;Moravská Nová Ves;;;;;98795;Moravská Nová Ves;61280;U Sokolovny;è.p.;853;;;69155;572772.36;1207191.17;2013-12-05T00:00:00
10015230;584665;Moravská Nová Ves;;;;;98795;Moravská Nová Ves;61280;U Sokolovny;è.p.;854;;;69155;572766.09;1207184.32;2013-12-05T00:00:00
10015248;584665;Moravská Nová Ves;;;;;98795;Moravská Nová Ves;61280;U Sokolovny;è.p.;855;;;69155;572759.79;1207177.30;2013-12-05T00:00:00
10015256;584665;Moravská Nová Ves;;;;;98795;Moravská Nová Ves;61280;U Sokolovny;è.p.;856;;;69155;572795.60;1207170.99;2013-12-05T00:00:00
10015264;584665;Moravská Nová Ves;;;;;98795;Moravská Nová Ves;61263;U Jordánky;è.p.;857;;;69155;573012.02;1207131.55;2013-12-05T00:00:00
10015272;584665;Moravská Nová Ves;;;;;98795;Moravská Nová Ves;61352;Vítìzství;è.p.;858;;;69155;573123.50;1207039.84;2013-12-05T00:00:00
10015281;584665;Moravská Nová Ves;;;;;98795;Moravská Nová Ves;61123;Na Koncích;è.p.;859;;;69155;573699.01;1206414.15;2013-12-05T00:00:00
10015299;584665;Moravská Nová Ves;;;;;98795;Moravská Nová Ves;61174;Na Výsluní;è.p.;860;;;69155;572577.11;1207406.08;2013-12-05T00:00:00
10015302;584665;Moravská Nová Ves;;;;;98795;Moravská Nová Ves;61051;Kováøská;è.p.;861;;;69155;573089.24;1207509.72;2013-12-05T00:00:00
10015311;584665;Moravská Nová Ves;;;;;98795;Moravská Nová Ves;61140;Na Mlatì;è.p.;862;;;69155;573559.10;1206468.06;2013-12-05T00:00:00
10015329;584665;Moravská Nová Ves;;;;;98795;Moravská Nová Ves;61093;Lipová;è.p.;863;;;69155;573545.03;1206905.07;2013-12-05T00:00:00
10015337;584665;Moravská Nová Ves;;;;;98795;Moravská Nová Ves;61263;U Jordánky;è.p.;864;;;69155;573027.14;1207172.07;2013-12-05T00:00:00
10015345;584665;Moravská Nová Ves;;;;;98795;Moravská Nová Ves;61280;U Sokolovny;è.p.;865;;;69155;572748.91;1207166.34;2013-12-05T00:00:00
10015353;584665;Moravská Nová Ves;;;;;98795;Moravská Nová Ves;61280;U Sokolovny;è.p.;866;;;69155;572742.47;1207159.70;2013-12-05T00:00:00
10015361;584665;Moravská Nová Ves;;;;;98795;Moravská Nová Ves;61280;U Sokolovny;è.p.;867;;;69155;572737.31;1207153.53;2013-12-05T00:00:00
10015370;584665;Moravská Nová Ves;;;;;98795;Moravská Nová Ves;61280;U Sokolovny;è.p.;868;;;69155;572730.34;1207146.77;2013-12-05T00:00:00
10015388;584665;Moravská Nová Ves;;;;;98795;Moravská Nová Ves;61280;U Sokolovny;è.p.;869;;;69155;572724.77;1207139.74;2013-12-05T00:00:00
10015396;584665;Moravská Nová Ves;;;;;98795;Moravská Nová Ves;61280;U Sokolovny;è.p.;870;;;69155;572718.68;1207133.02;2013-12-05T00:00:00
10015400;584665;Moravská Nová Ves;;;;;98795;Moravská Nová Ves;61352;Vítìzství;è.p.;871;;;69155;573168.49;1206944.02;2013-12-05T00:00:00
10015418;584665;Moravská Nová Ves;;;;;98795;Moravská Nová Ves;61336;V Zahradách;è.p.;872;;;69155;573539.72;1207074.83;2013-12-05T00:00:00
10015426;584665;Moravská Nová Ves;;;;;98795;Moravská Nová Ves;61280;U Sokolovny;è.p.;873;;;69155;572836.69;1207164.67;2013-12-05T00:00:00
10015434;584665;Moravská Nová Ves;;;;;98795;Moravská Nová Ves;61263;U Jordánky;è.p.;874;;;69155;572938.53;1207248.55;2013-12-05T00:00:00
10015442;584665;Moravská Nová Ves;;;;;98795;Moravská Nová Ves;61271;U Mlýna;è.p.;875;;;69155;572133.78;1207433.80;2013-12-05T00:00:00
10015451;584665;Moravská Nová Ves;;;;;98795;Moravská Nová Ves;61166;Na Øádku;è.p.;876;;;69155;573331.42;1207339.71;2013-12-05T00:00:00
10015469;584665;Moravská Nová Ves;;;;;98795;Moravská Nová Ves;61352;Vítìzství;è.p.;877;;;69155;573204.03;1206879.78;2013-12-05T00:00:00
10015477;584665;Moravská Nová Ves;;;;;98795;Moravská Nová Ves;61271;U Mlýna;è.p.;878;;;69155;572192.51;1207484.09;2013-12-05T00:00:00
10015485;584665;Moravská Nová Ves;;;;;98795;Moravská Nová Ves;61280;U Sokolovny;è.p.;879;;;69155;572708.47;1207122.26;2013-12-05T00:00:00
10015493;584665;Moravská Nová Ves;;;;;98795;Moravská Nová Ves;61280;U Sokolovny;è.p.;880;;;69155;572703.24;1207114.89;2013-12-05T00:00:00
10015507;584665;Moravská Nová Ves;;;;;98795;Moravská Nová Ves;61280;U Sokolovny;è.p.;881;;;69155;572697.12;1207108.11;2013-12-05T00:00:00
10015515;584665;Moravská Nová Ves;;;;;98795;Moravská Nová Ves;61280;U Sokolovny;è.p.;882;;;69155;572691.47;1207101.46;2013-12-05T00:00:00
10015523;584665;Moravská Nová Ves;;;;;98795;Moravská Nová Ves;61280;U Sokolovny;è.p.;883;;;69155;572685.79;1207094.65;2013-12-05T00:00:00
10015531;584665;Moravská Nová Ves;;;;;98795;Moravská Nová Ves;61280;U Sokolovny;è.p.;884;;;69155;572679.25;1207087.75;2013-12-05T00:00:00
10015540;584665;Moravská Nová Ves;;;;;98795;Moravská Nová Ves;61352;Vítìzství;è.p.;885;;;69155;573271.74;1206783.37;2013-12-05T00:00:00
10015558;584665;Moravská Nová Ves;;;;;98795;Moravská Nová Ves;61301;U Trati;è.p.;886;;;69155;572923.80;1207573.84;2013-12-05T00:00:00
10015566;584665;Moravská Nová Ves;;;;;98795;Moravská Nová Ves;61352;Vítìzství;è.p.;887;;;69155;573185.61;1206921.78;2013-12-05T00:00:00
10015574;584665;Moravská Nová Ves;;;;;98795;Moravská Nová Ves;61263;U Jordánky;è.p.;888;;;69155;573005.43;1207204.69;2013-12-05T00:00:00
10015582;584665;Moravská Nová Ves;;;;;98795;Moravská Nová Ves;61166;Na Øádku;è.p.;889;;;69155;573280.93;1207413.28;2013-12-05T00:00:00
10015591;584665;Moravská Nová Ves;;;;;98795;Moravská Nová Ves;61166;Na Øádku;è.p.;890;;;69155;573292.39;1207398.73;2013-12-05T00:00:00
10015604;584665;Moravská Nová Ves;;;;;98795;Moravská Nová Ves;61174;Na Výsluní;è.p.;891;;;69155;572629.82;1207392.11;2013-12-05T00:00:00
10015612;584665;Moravská Nová Ves;;;;;98795;Moravská Nová Ves;61352;Vítìzství;è.p.;892;;;69155;573346.15;1206655.29;2013-12-05T00:00:00
10015621;584665;Moravská Nová Ves;;;;;98795;Moravská Nová Ves;61174;Na Výsluní;è.p.;893;;;69155;572509.18;1207470.44;2013-12-05T00:00:00
10015639;584665;Moravská Nová Ves;;;;;98795;Moravská Nová Ves;61174;Na Výsluní;è.p.;894;;;69155;572529.47;1207486.44;2013-12-05T00:00:00
10015647;584665;Moravská Nová Ves;;;;;98795;Moravská Nová Ves;61093;Lipová;è.p.;895;;;69155;573584.44;1206834.80;2013-12-05T00:00:00
10015655;584665;Moravská Nová Ves;;;;;98795;Moravská Nová Ves;61093;Lipová;è.p.;896;;;69155;573313.17;1207236.21;2013-12-05T00:00:00
10015663;584665;Moravská Nová Ves;;;;;98795;Moravská Nová Ves;61093;Lipová;è.p.;897;;;69155;573328.62;1207207.92;2013-12-05T00:00:00
10015671;584665;Moravská Nová Ves;;;;;98795;Moravská Nová Ves;61280;U Sokolovny;è.p.;898;;;69155;572669.77;1207061.57;2013-12-05T00:00:00
10015680;584665;Moravská Nová Ves;;;;;98795;Moravská Nová Ves;61280;U Sokolovny;è.p.;899;;;69155;572662.97;1207067.85;2013-12-05T00:00:00
10015698;584665;Moravská Nová Ves;;;;;98795;Moravská Nová Ves;61280;U Sokolovny;è.p.;900;;;69155;572656.00;1207074.31;2013-12-05T00:00:00
10015701;584665;Moravská Nová Ves;;;;;98795;Moravská Nová Ves;61263;U Jordánky;è.p.;901;;;69155;573017.24;1207186.86;2013-12-05T00:00:00
10015710;584665;Moravská Nová Ves;;;;;98795;Moravská Nová Ves;61280;U Sokolovny;è.p.;902;;;69155;572788.66;1207243.97;2013-12-05T00:00:00
10015728;584665;Moravská Nová Ves;;;;;98795;Moravská Nová Ves;61174;Na Výsluní;è.p.;903;;;69155;572586.98;1207432.91;2013-12-05T00:00:00
10015736;584665;Moravská Nová Ves;;;;;98795;Moravská Nová Ves;61352;Vítìzství;è.p.;904;;;69155;573353.85;1206642.04;2013-12-05T00:00:00
10015744;584665;Moravská Nová Ves;;;;;98795;Moravská Nová Ves;61018;Jana Èerného;è.p.;905;;;69155;572597.97;1207129.24;2013-12-05T00:00:00
10015752;584665;Moravská Nová Ves;;;;;98795;Moravská Nová Ves;61280;U Sokolovny;è.p.;906;;;69155;572763.56;1207131.49;2013-12-05T00:00:00
10015761;584665;Moravská Nová Ves;;;;;98795;Moravská Nová Ves;61280;U Sokolovny;è.p.;907;;;69155;572756.93;1207124.69;2013-12-05T00:00:00
10015779;584665;Moravská Nová Ves;;;;;98795;Moravská Nová Ves;61280;U Sokolovny;è.p.;908;;;69155;572751.07;1207118.06;2013-12-05T00:00:00
10015787;584665;Moravská Nová Ves;;;;;98795;Moravská Nová Ves;61280;U Sokolovny;è.p.;909;;;69155;572744.86;1207111.34;2013-12-05T00:00:00
10015795;584665;Moravská Nová Ves;;;;;98795;Moravská Nová Ves;61280;U Sokolovny;è.p.;910;;;69155;572738.91;1207104.62;2013-12-05T00:00:00
10015809;584665;Moravská Nová Ves;;;;;98795;Moravská Nová Ves;61280;U Sokolovny;è.p.;911;;;69155;572732.96;1207097.99;2013-12-05T00:00:00
10015817;584665;Moravská Nová Ves;;;;;98795;Moravská Nová Ves;61280;U Sokolovny;è.p.;912;;;69155;572727.01;1207091.27;2013-12-05T00:00:00
10015825;584665;Moravská Nová Ves;;;;;98795;Moravská Nová Ves;61280;U Sokolovny;è.p.;913;;;69155;572721.34;1207084.67;2013-12-05T00:00:00
10015833;584665;Moravská Nová Ves;;;;;98795;Moravská Nová Ves;61280;U Sokolovny;è.p.;914;;;69155;572716.92;1207078.04;2013-12-05T00:00:00
10015841;584665;Moravská Nová Ves;;;;;98795;Moravská Nová Ves;61280;U Sokolovny;è.p.;915;;;69155;572709.01;1207070.64;2013-12-05T00:00:00
10015850;584665;Moravská Nová Ves;;;;;98795;Moravská Nová Ves;61280;U Sokolovny;è.p.;916;;;69155;572782.35;1207249.98;2013-12-05T00:00:00
10015868;584665;Moravská Nová Ves;;;;;98795;Moravská Nová Ves;61352;Vítìzství;è.p.;917;;;69155;573154.62;1206962.50;2013-12-05T00:00:00
10015876;584665;Moravská Nová Ves;;;;;98795;Moravská Nová Ves;61280;U Sokolovny;è.p.;918;;;69155;572779.82;1207153.38;2013-12-05T00:00:00
10015884;584665;Moravská Nová Ves;;;;;98795;Moravská Nová Ves;61093;Lipová;è.p.;919;;;69155;573679.13;1206697.85;2013-12-05T00:00:00
10015892;584665;Moravská Nová Ves;;;;;98795;Moravská Nová Ves;61263;U Jordánky;è.p.;920;;;69155;572960.46;1207264.73;2013-12-05T00:00:00
10015906;584665;Moravská Nová Ves;;;;;98795;Moravská Nová Ves;61301;U Trati;è.p.;921;;;69155;572948.62;1207559.30;2013-12-05T00:00:00
10015914;584665;Moravská Nová Ves;;;;;98795;Moravská Nová Ves;61107;Luèní;è.p.;922;;;69155;572120.69;1207660.48;2013-12-05T00:00:00
10015922;584665;Moravská Nová Ves;;;;;98795;Moravská Nová Ves;61107;Luèní;è.p.;923;;;69155;572158.81;1207620.38;2013-12-05T00:00:00
10015931;584665;Moravská Nová Ves;;;;;98795;Moravská Nová Ves;61280;U Sokolovny;è.p.;924;;;69155;572793.29;1207141.14;2013-12-05T00:00:00
10015949;584665;Moravská Nová Ves;;;;;98795;Moravská Nová Ves;61280;U Sokolovny;è.p.;925;;;69155;572805.00;1207131.13;2013-12-05T00:00:00
10015957;584665;Moravská Nová Ves;;;;;98795;Moravská Nová Ves;61280;U Sokolovny;è.p.;926;;;69155;572814.27;1207122.24;2013-12-05T00:00:00
10015965;584665;Moravská Nová Ves;;;;;98795;Moravská Nová Ves;61280;U Sokolovny;è.p.;927;;;69155;572825.14;1207112.54;2013-12-05T00:00:00
10015973;584665;Moravská Nová Ves;;;;;98795;Moravská Nová Ves;61051;Kováøská;è.p.;928;;;69155;573111.47;1207458.45;2013-12-05T00:00:00
10015981;584665;Moravská Nová Ves;;;;;98795;Moravská Nová Ves;61263;U Jordánky;è.p.;929;;;69155;572914.56;1207328.17;2013-12-05T00:00:00
10015990;584665;Moravská Nová Ves;;;;;98795;Moravská Nová Ves;61352;Vítìzství;è.p.;930;;;69155;573379.32;1206658.22;2013-12-05T00:00:00
10016007;584665;Moravská Nová Ves;;;;;98795;Moravská Nová Ves;61158;Na Rynku;è.p.;931;;;69155;573674.87;1206441.60;2013-12-05T00:00:00
10016015;584665;Moravská Nová Ves;;;;;98795;Moravská Nová Ves;61051;Kováøská;è.p.;932;;;69155;573098.02;1207468.44;2013-12-05T00:00:00
10016023;584665;Moravská Nová Ves;;;;;98795;Moravská Nová Ves;61301;U Trati;è.p.;933;;;69155;572847.78;1207653.57;2013-12-05T00:00:00
10016031;584665;Moravská Nová Ves;;;;;98795;Moravská Nová Ves;61174;Na Výsluní;è.p.;934;;;69155;572553.88;1207464.74;2013-12-05T00:00:00
10016040;584665;Moravská Nová Ves;;;;;98795;Moravská Nová Ves;61263;U Jordánky;è.p.;935;;;69155;572875.48;1207385.17;2013-12-05T00:00:00
10016058;584665;Moravská Nová Ves;;;;;98795;Moravská Nová Ves;61263;U Jordánky;è.p.;936;;;69155;572921.45;1207313.88;2013-12-05T00:00:00
10016066;584665;Moravská Nová Ves;;;;;98795;Moravská Nová Ves;61093;Lipová;è.p.;937;;;69155;573349.34;1207196.29;2013-12-05T00:00:00
10016074;584665;Moravská Nová Ves;;;;;98795;Moravská Nová Ves;61093;Lipová;è.p.;938;;;69155;573354.74;1207188.89;2013-12-05T00:00:00
10016082;584665;Moravská Nová Ves;;;;;98795;Moravská Nová Ves;61093;Lipová;è.p.;939;;;69155;573360.66;1207182.00;2013-12-05T00:00:00
10016091;584665;Moravská Nová Ves;;;;;98795;Moravská Nová Ves;61093;Lipová;è.p.;940;;;69155;573365.84;1207174.74;2013-12-05T00:00:00
10016104;584665;Moravská Nová Ves;;;;;98795;Moravská Nová Ves;61093;Lipová;è.p.;941;;;69155;573371.39;1207167.71;2013-12-05T00:00:00
10016112;584665;Moravská Nová Ves;;;;;98795;Moravská Nová Ves;61093;Lipová;è.p.;942;;;69155;573376.98;1207160.86;2013-12-05T00:00:00
10016121;584665;Moravská Nová Ves;;;;;98795;Moravská Nová Ves;61093;Lipová;è.p.;943;;;69155;573563.03;1206869.28;2013-12-05T00:00:00
10016139;584665;Moravská Nová Ves;;;;;98795;Moravská Nová Ves;61093;Lipová;è.p.;944;;;69155;573430.43;1207097.10;2013-12-05T00:00:00
10016147;584665;Moravská Nová Ves;;;;;98795;Moravská Nová Ves;61093;Lipová;è.p.;945;;;69155;573464.47;1207038.57;2013-12-05T00:00:00
10016155;584665;Moravská Nová Ves;;;;;98795;Moravská Nová Ves;61093;Lipová;è.p.;946;;;69155;573472.25;1207020.38;2013-12-05T00:00:00
10016163;584665;Moravská Nová Ves;;;;;98795;Moravská Nová Ves;61174;Na Výsluní;è.p.;947;;;69155;572658.85;1207329.15;2013-12-05T00:00:00
10016171;584665;Moravská Nová Ves;;;;;98795;Moravská Nová Ves;60984;Dolní;è.p.;948;;;69155;573362.87;1206921.19;2013-12-05T00:00:00
10016180;584665;Moravská Nová Ves;;;;;98795;Moravská Nová Ves;61093;Lipová;è.p.;949;;;69155;573671.37;1206706.98;2013-12-05T00:00:00
10016198;584665;Moravská Nová Ves;;;;;98795;Moravská Nová Ves;61123;Na Koncích;è.p.;950;;;69155;573683.78;1206491.74;2013-12-05T00:00:00
10016201;584665;Moravská Nová Ves;;;;;98795;Moravská Nová Ves;61123;Na Koncích;è.p.;951;;;69155;573678.15;1206500.55;2013-12-05T00:00:00
10016210;584665;Moravská Nová Ves;;;;;98795;Moravská Nová Ves;61093;Lipová;è.p.;952;;;69155;573343.29;1207203.33;2013-12-05T00:00:00
10016228;584665;Moravská Nová Ves;;;;;98795;Moravská Nová Ves;61174;Na Výsluní;è.p.;953;;;69155;572657.21;1207366.76;2013-12-05T00:00:00
10016236;584665;Moravská Nová Ves;;;;;98795;Moravská Nová Ves;61174;Na Výsluní;è.p.;954;;;69155;572665.04;1207359.29;2013-12-05T00:00:00
10016244;584665;Moravská Nová Ves;;;;;98795;Moravská Nová Ves;61280;U Sokolovny;è.p.;955;;;69155;572837.90;1207197.21;2013-12-05T00:00:00
10016252;584665;Moravská Nová Ves;;;;;98795;Moravská Nová Ves;61140;Na Mlatì;è.p.;956;;;69155;573535.94;1206493.34;2013-12-05T00:00:00
10016261;584665;Moravská Nová Ves;;;;;98795;Moravská Nová Ves;61352;Vítìzství;è.p.;957;;;69155;573351.00;1206714.35;2013-12-05T00:00:00
10016279;584665;Moravská Nová Ves;;;;;98795;Moravská Nová Ves;61093;Lipová;è.p.;958;;;69155;573577.74;1206817.17;2013-12-05T00:00:00
10016287;584665;Moravská Nová Ves;;;;;98795;Moravská Nová Ves;61093;Lipová;è.p.;959;;;69155;573583.87;1206804.91;2013-12-05T00:00:00
10016295;584665;Moravská Nová Ves;;;;;98795;Moravská Nová Ves;61352;Vítìzství;è.p.;960;;;69155;573154.64;1207008.25;2013-12-05T00:00:00
10016309;584665;Moravská Nová Ves;;;;;98795;Moravská Nová Ves;61247;Školní;è.p.;961;;;69155;573288.29;1207217.55;2013-12-05T00:00:00
10016317;584665;Moravská Nová Ves;;;;;98795;Moravská Nová Ves;61018;Jana Èerného;è.p.;962;;;69155;572558.11;1207079.77;2013-12-05T00:00:00
10016325;584665;Moravská Nová Ves;;;;;98795;Moravská Nová Ves;61093;Lipová;è.p.;963;;;69155;573511.39;1206955.10;2013-12-05T00:00:00
10016333;584665;Moravská Nová Ves;;;;;98795;Moravská Nová Ves;61352;Vítìzství;è.p.;964;;;69155;573236.69;1206912.87;2013-12-05T00:00:00
10016341;584665;Moravská Nová Ves;;;;;98795;Moravská Nová Ves;61174;Na Výsluní;è.p.;965;;;69155;572520.44;1207495.76;2013-12-05T00:00:00
10016350;584665;Moravská Nová Ves;;;;;98795;Moravská Nová Ves;61093;Lipová;è.p.;966;;;69155;573618.85;1206750.86;2013-12-05T00:00:00
10016368;584665;Moravská Nová Ves;;;;;98795;Moravská Nová Ves;61042;Kamenná;è.p.;967;;;69155;572579.41;1207575.11;2013-12-05T00:00:00
10016376;584665;Moravská Nová Ves;;;;;98795;Moravská Nová Ves;61271;U Mlýna;è.p.;968;;;69155;572092.93;1207423.61;2013-12-05T00:00:00
10016384;584665;Moravská Nová Ves;;;;;98795;Moravská Nová Ves;61301;U Trati;è.p.;969;;;69155;572700.87;1207653.67;2013-12-05T00:00:00
10016392;584665;Moravská Nová Ves;;;;;98795;Moravská Nová Ves;61140;Na Mlatì;è.p.;970;;;69155;573494.46;1206525.50;2013-12-05T00:00:00
10016406;584665;Moravská Nová Ves;;;;;98795;Moravská Nová Ves;61352;Vítìzství;è.p.;971;;;69155;573301.63;1206804.65;2013-12-05T00:00:00
10016414;584665;Moravská Nová Ves;;;;;98795;Moravská Nová Ves;61204;Pod Kostelem;è.p.;972;;;69155;573266.73;1207288.74;2013-12-05T00:00:00
10016422;584665;Moravská Nová Ves;;;;;98795;Moravská Nová Ves;61280;U Sokolovny;è.p.;973;;;69155;572905.77;1207166.83;2013-12-05T00:00:00
10016431;584665;Moravská Nová Ves;;;;;98795;Moravská Nová Ves;61140;Na Mlatì;è.p.;974;;;69155;573477.19;1206508.41;2013-12-05T00:00:00
10016449;584665;Moravská Nová Ves;;;;;98795;Moravská Nová Ves;61000;Hliník;è.p.;975;;;69155;573514.58;1206273.70;2013-12-05T00:00:00
10016457;584665;Moravská Nová Ves;;;;;98795;Moravská Nová Ves;61280;U Sokolovny;è.p.;976;;;69155;572879.42;1207095.48;2013-12-05T00:00:00
10016465;584665;Moravská Nová Ves;;;;;98795;Moravská Nová Ves;61107;Luèní;è.p.;977;;;69155;572162.56;1207629.97;2013-12-05T00:00:00
25100351;584665;Moravská Nová Ves;;;;;98795;Moravská Nová Ves;61352;Vítìzství;è.p.;983;;;69155;573204.60;1206956.62;2013-12-05T00:00:00
25130064;584665;Moravská Nová Ves;;;;;98795;Moravská Nová Ves;61174;Na Výsluní;è.p.;980;;;69155;572576.95;1207443.41;2013-12-05T00:00:00
25687841;584665;Moravská Nová Ves;;;;;98795;Moravská Nová Ves;61361;Zákoutí;è.p.;979;;;69155;572769.72;1207426.66;2013-12-05T00:00:00
25730771;584665;Moravská Nová Ves;;;;;98795;Moravská Nová Ves;61140;Na Mlatì;è.p.;990;;;69155;573587.34;1206443.05;2013-12-05T00:00:00
25745191;584665;Moravská Nová Ves;;;;;98795;Moravská Nová Ves;61174;Na Výsluní;è.p.;981;;;69155;572490.61;1207521.94;2013-12-05T00:00:00
25745204;584665;Moravská Nová Ves;;;;;98795;Moravská Nová Ves;61174;Na Výsluní;è.p.;988;;;69155;572534.36;1207433.91;2013-12-05T00:00:00
25745212;584665;Moravská Nová Ves;;;;;98795;Moravská Nová Ves;61352;Vítìzství;è.p.;985;;;69155;573107.71;1207058.70;2013-12-05T00:00:00
25745221;584665;Moravská Nová Ves;;;;;98795;Moravská Nová Ves;61344;Vinohradská;è.p.;982;;;69155;572757.73;1207810.17;2013-12-05T00:00:00
25745239;584665;Moravská Nová Ves;;;;;98795;Moravská Nová Ves;61051;Kováøská;è.p.;978;;;69155;573161.80;1207409.00;2013-12-05T00:00:00
25745247;584665;Moravská Nová Ves;;;;;98795;Moravská Nová Ves;61263;U Jordánky;è.p.;984;;;69155;572895.52;1207355.98;2013-12-05T00:00:00
25745255;584665;Moravská Nová Ves;;;;;98795;Moravská Nová Ves;61336;V Zahradách;è.p.;987;;;69155;573481.84;1207118.26;2013-12-05T00:00:00
25745263;584665;Moravská Nová Ves;;;;;98795;Moravská Nová Ves;61123;Na Koncích;è.p.;989;;;69155;573791.89;1206220.62;2013-12-05T00:00:00
25745271;584665;Moravská Nová Ves;;;;;98795;Moravská Nová Ves;61239;Sadová;è.p.;991;;;69155;573172.24;1207575.79;2013-12-05T00:00:00
25745280;584665;Moravská Nová Ves;;;;;98795;Moravská Nová Ves;61247;Školní;è.p.;993;;;69155;573158.00;1207157.00;2013-12-05T00:00:00
25745298;584665;Moravská Nová Ves;;;;;98795;Moravská Nová Ves;61140;Na Mlatì;è.p.;992;;;69155;573484.24;1206543.80;2013-12-05T00:00:00
25745301;584665;Moravská Nová Ves;;;;;98795;Moravská Nová Ves;61280;U Sokolovny;è.p.;995;;;69155;572784.73;1207111.38;2013-12-05T00:00:00
25745310;584665;Moravská Nová Ves;;;;;98795;Moravská Nová Ves;61298;U Studénky;è.p.;1003;;;69155;572288.12;1207828.72;2013-12-05T00:00:00
25745328;584665;Moravská Nová Ves;;;;;98795;Moravská Nová Ves;61263;U Jordánky;è.p.;999;;;69155;572976.94;1207242.98;2013-12-05T00:00:00
25745336;584665;Moravská Nová Ves;;;;;98795;Moravská Nová Ves;61093;Lipová;è.p.;994;;;69155;573385.99;1207155.58;2013-12-05T00:00:00
25767852;584665;Moravská Nová Ves;;;;;98795;Moravská Nová Ves;61221;Polní;è.p.;1001;;;69155;573062.41;1207626.44;2013-12-05T00:00:00
26031477;584665;Moravská Nová Ves;;;;;98795;Moravská Nová Ves;61085;Kvìtná;è.p.;379;;;69155;573415.41;1207192.67;2013-12-05T00:00:00
26043254;584665;Moravská Nová Ves;;;;;98795;Moravská Nová Ves;61280;U Sokolovny;è.p.;996;;;69155;572791.87;1207085.47;2013-12-05T00:00:00
26132893;584665;Moravská Nová Ves;;;;;98795;Moravská Nová Ves;61280;U Sokolovny;è.p.;998;;;69155;572748.95;1207067.57;2013-12-05T00:00:00
26156512;584665;Moravská Nová Ves;;;;;98795;Moravská Nová Ves;61352;Vítìzství;è.p.;1008;;;69155;573189.41;1206974.06;2013-12-05T00:00:00
26252619;584665;Moravská Nová Ves;;;;;98795;Moravská Nová Ves;61107;Luèní;è.p.;1009;;;69155;572025.36;1207793.01;2013-12-05T00:00:00
26252627;584665;Moravská Nová Ves;;;;;98795;Moravská Nová Ves;61107;Luèní;è.p.;1011;;;69155;572209.76;1207674.18;2013-12-05T00:00:00
26252635;584665;Moravská Nová Ves;;;;;98795;Moravská Nová Ves;755818;Výmol;è.p.;1015;;;69155;572283.45;1207780.18;2013-12-05T00:00:00
26252643;584665;Moravská Nová Ves;;;;;98795;Moravská Nová Ves;60984;Dolní;è.p.;1010;;;69155;573416.89;1206834.90;2013-12-05T00:00:00
26549760;584665;Moravská Nová Ves;;;;;98795;Moravská Nová Ves;61026;Jochovská;è.p.;1012;;;69155;573739.44;1206599.13;2013-12-05T00:00:00
26613255;584665;Moravská Nová Ves;;;;;98795;Moravská Nová Ves;61174;Na Výsluní;è.p.;1000;;;69155;572583.84;1207395.95;2013-12-05T00:00:00
26641429;584665;Moravská Nová Ves;;;;;98795;Moravská Nová Ves;61263;U Jordánky;è.p.;1013;;;69155;572967.47;1207255.54;2013-12-05T00:00:00
26659123;584665;Moravská Nová Ves;;;;;98795;Moravská Nová Ves;61051;Kováøská;è.p.;1014;;;69155;573146.76;1207427.85;2013-12-05T00:00:00
27089134;584665;Moravská Nová Ves;;;;;98795;Moravská Nová Ves;61280;U Sokolovny;è.p.;997;;;69155;572772.70;1207078.45;2013-12-05T00:00:00
27089142;584665;Moravská Nová Ves;;;;;98795;Moravská Nová Ves;61140;Na Mlatì;è.p.;1017;;;69155;573433.42;1206577.98;2013-12-05T00:00:00
27138836;584665;Moravská Nová Ves;;;;;98795;Moravská Nová Ves;782025;Samota u Moravy;è.p.;323;;;69155;568043.66;1209616.30;2013-12-05T00:00:00
27143554;584665;Moravská Nová Ves;;;;;98795;Moravská Nová Ves;61077;Kukvická;è.p.;666;;;69155;573536.69;1206396.91;2013-12-05T00:00:00
27143571;584665;Moravská Nová Ves;;;;;98795;Moravská Nová Ves;61123;Na Koncích;è.p.;1002;;;69155;573843.10;1206154.24;2013-12-05T00:00:00
27143597;584665;Moravská Nová Ves;;;;;98795;Moravská Nová Ves;60992;Hlavní;è.p.;1005;;;69155;572750.69;1207596.55;2013-12-05T00:00:00
27256685;584665;Moravská Nová Ves;;;;;98795;Moravská Nová Ves;61361;Zákoutí;è.p.;1016;;;69155;572763.94;1207433.02;2013-12-05T00:00:00
27355144;584665;Moravská Nová Ves;;;;;98795;Moravská Nová Ves;61263;U Jordánky;è.p.;1024;;;69155;572986.46;1207230.37;2013-12-05T00:00:00
27429164;584665;Moravská Nová Ves;;;;;98795;Moravská Nová Ves;61140;Na Mlatì;è.p.;1021;;;69155;573472.96;1206554.92;2013-12-05T00:00:00
27817342;584665;Moravská Nová Ves;;;;;98795;Moravská Nová Ves;61352;Vítìzství;è.p.;1020;;;69155;573135.23;1207034.71;2013-12-05T00:00:00
27882501;584665;Moravská Nová Ves;;;;;98795;Moravská Nová Ves;755818;Výmol;è.p.;1034;;;69155;572389.00;1207705.00;2013-12-05T00:00:00
28029097;584665;Moravská Nová Ves;;;;;98795;Moravská Nová Ves;61344;Vinohradská;è.p.;1029;;;69155;572772.00;1207875.00;2013-12-05T00:00:00
28029101;584665;Moravská Nová Ves;;;;;98795;Moravská Nová Ves;61344;Vinohradská;è.p.;1030;;;69155;572759.00;1207864.00;2013-12-05T00:00:00
28029119;584665;Moravská Nová Ves;;;;;98795;Moravská Nová Ves;61093;Lipová;è.p.;1032;;;69155;573569.00;1206857.00;2013-12-05T00:00:00
28029127;584665;Moravská Nová Ves;;;;;98795;Moravská Nová Ves;61301;U Trati;è.p.;1036;;;69155;572877.59;1207597.44;2013-12-05T00:00:00
28029135;584665;Moravská Nová Ves;;;;;98795;Moravská Nová Ves;61018;Jana Èerného;è.p.;1037;;;69155;572631.00;1207139.00;2013-12-05T00:00:00
28029143;584665;Moravská Nová Ves;;;;;98795;Moravská Nová Ves;61042;Kamenná;è.p.;1038;;;69155;572843.11;1207429.30;2013-12-05T00:00:00
28070143;584665;Moravská Nová Ves;;;;;98795;Moravská Nová Ves;61085;Kvìtná;è.p.;1026;;;69155;573400.09;1207214.88;2013-12-05T00:00:00
28119754;584665;Moravská Nová Ves;;;;;98795;Moravská Nová Ves;61107;Luèní;è.p.;1039;;;69155;571257.00;1208002.00;2013-12-05T00:00:00
28119762;584665;Moravská Nová Ves;;;;;98795;Moravská Nová Ves;61174;Na Výsluní;è.p.;1040;;;69155;572465.89;1207499.82;2013-12-05T00:00:00
28201922;584665;Moravská Nová Ves;;;;;98795;Moravská Nová Ves;61271;U Mlýna;è.p.;1042;;;69155;572240.00;1207586.00;2013-12-05T00:00:00
28213955;584665;Moravská Nová Ves;;;;;98795;Moravská Nová Ves;61247;Školní;è.p.;1046;;;69155;573254.32;1207218.12;2013-12-05T00:00:00
28381751;584665;Moravská Nová Ves;;;;;98795;Moravská Nová Ves;61221;Polní;è.p.;1047;;;69155;573062.86;1207685.23;2016-01-12T00:00:00
28381769;584665;Moravská Nová Ves;;;;;98795;Moravská Nová Ves;61221;Polní;è.p.;1048;;;69155;573067.90;1207689.98;2016-01-12T00:00:00
28403584;584665;Moravská Nová Ves;;;;;98795;Moravská Nová Ves;61352;Vítìzství;è.p.;1051;;;69155;573343.64;1206720.70;2016-01-12T00:00:00
30831806;584665;Moravská Nová Ves;;;;;98795;Moravská Nová Ves;61239;Sadová;è.p.;986;;;69155;573213.59;1207536.31;2013-12-05T00:00:00
30831814;584665;Moravská Nová Ves;;;;;98795;Moravská Nová Ves;61344;Vinohradská;è.p.;1004;;;69155;572568.61;1207708.43;2015-11-25T00:00:00
30831822;584665;Moravská Nová Ves;;;;;98795;Moravská Nová Ves;;;è.p.;1018;;;69155;572649.66;1207604.97;2013-12-05T00:00:00
30831831;584665;Moravská Nová Ves;;;;;98795;Moravská Nová Ves;61042;Kamenná;è.p.;1019;;;69155;572230.87;1207417.90;2013-12-05T00:00:00
30831849;584665;Moravská Nová Ves;;;;;98795;Moravská Nová Ves;61093;Lipová;è.p.;1022;;;69155;573613.00;1206762.00;2013-12-05T00:00:00
30831857;584665;Moravská Nová Ves;;;;;98795;Moravská Nová Ves;;;è.p.;1023;;;69155;572205.38;1207596.27;2013-12-05T00:00:00
30831865;584665;Moravská Nová Ves;;;;;98795;Moravská Nová Ves;61115;Medlov;è.p.;1028;;;69155;573026.91;1207572.43;2015-06-24T00:00:00
30831873;584665;Moravská Nová Ves;;;;;98795;Moravská Nová Ves;;;è.p.;1031;;;69155;572980.97;1207323.33;2013-12-05T00:00:00
30831881;584665;Moravská Nová Ves;;;;;98795;Moravská Nová Ves;61000;Hliník;è.p.;1035;;;69155;573595.59;1206314.73;2015-06-24T00:00:00
31265332;584665;Moravská Nová Ves;;;;;98795;Moravská Nová Ves;60976;Anenská;è.p.;1006;;;69155;573700.17;1207508.29;2013-12-05T00:00:00
31265341;584665;Moravská Nová Ves;;;;;98795;Moravská Nová Ves;61310;Ukrajina;è.p.;1007;;;69155;573726.00;1207482.00;2013-12-05T00:00:00
40421031;584665;Moravská Nová Ves;;;;;98795;Moravská Nová Ves;61336;V Zahradách;è.p.;1049;;;69155;573587.14;1207029.56;2013-12-05T00:00:00
40421422;584665;Moravská Nová Ves;;;;;98795;Moravská Nová Ves;61204;Pod Kostelem;è.p.;1043;;;69155;573252.60;1207362.55;2013-12-05T00:00:00
40789837;584665;Moravská Nová Ves;;;;;98795;Moravská Nová Ves;61051;Kováøská;è.p.;1056;;;69155;573083.77;1207519.33;2013-12-05T00:00:00
41027566;584665;Moravská Nová Ves;;;;;98795;Moravská Nová Ves;61093;Lipová;è.p.;1055;;;69155;573636.40;1206719.56;2013-12-05T00:00:00
41224973;584665;Moravská Nová Ves;;;;;98795;Moravská Nová Ves;61247;Školní;è.p.;1059;;;69155;573122.86;1207101.68;2013-12-05T00:00:00
41225422;584665;Moravská Nová Ves;;;;;98795;Moravská Nová Ves;61352;Vítìzství;è.p.;1041;;;69155;573367.24;1206679.11;2013-12-05T00:00:00
41262794;584665;Moravská Nová Ves;;;;;98795;Moravská Nová Ves;61174;Na Výsluní;è.p.;1061;;;69155;572521.23;1207446.05;2013-12-05T00:00:00
41353951;584665;Moravská Nová Ves;;;;;98795;Moravská Nová Ves;61123;Na Koncích;è.p.;1050;;;69155;573779.55;1206287.05;2013-12-05T00:00:00
41446437;584665;Moravská Nová Ves;;;;;98795;Moravská Nová Ves;61387;K Záhumní;è.p.;1054;;;69155;573421.28;1206587.50;2013-12-05T00:00:00
41800176;584665;Moravská Nová Ves;;;;;98795;Moravská Nová Ves;61077;Kukvická;è.p.;1045;;;69155;573493.31;1206332.58;2013-12-05T00:00:00
41801725;584665;Moravská Nová Ves;;;;;98795;Moravská Nová Ves;61352;Vítìzství;è.p.;1044;;;69155;573243.41;1206909.03;2013-12-05T00:00:00
41803621;584665;Moravská Nová Ves;;;;;98795;Moravská Nová Ves;61301;U Trati;è.p.;1058;;;69155;572851.83;1207647.33;2013-12-05T00:00:00
42454611;584665;Moravská Nová Ves;;;;;98795;Moravská Nová Ves;61123;Na Koncích;è.p.;1062;;;69155;573753.13;1206315.31;2013-12-05T00:00:00
42730317;584665;Moravská Nová Ves;;;;;98795;Moravská Nová Ves;61107;Luèní;è.p.;1033;;;69155;572181.59;1207609.07;2013-12-05T00:00:00
70825645;584665;Moravská Nová Ves;;;;;98795;Moravská Nová Ves;61107;Luèní;è.p.;1027;;;69155;572065.33;1207607.30;2014-01-02T00:00:00
70831734;584665;Moravská Nová Ves;;;;;98795;Moravská Nová Ves;61263;U Jordánky;è.p.;1063;;;69155;572903.59;1207303.12;2014-01-03T00:00:00
70839522;584665;Moravská Nová Ves;;;;;98795;Moravská Nová Ves;61182;námìstí Republiky;è.p.;1060;;;69155;573140.20;1207221.55;2014-01-06T00:00:00
72927984;584665;Moravská Nová Ves;;;;;98795;Moravská Nová Ves;61000;Hliník;è.p.;1065;;;69155;573484.50;1206255.57;2014-07-23T00:00:00
73071226;584665;Moravská Nová Ves;;;;;98795;Moravská Nová Ves;61239;Sadová;è.p.;1068;;;69155;573170.94;1207607.65;2014-09-22T00:00:00
73340073;584665;Moravská Nová Ves;;;;;98795;Moravská Nová Ves;61051;Kováøská;è.p.;1067;;;69155;573042.24;1207515.93;2015-01-13T00:00:00
73340243;584665;Moravská Nová Ves;;;;;98795;Moravská Nová Ves;60984;Dolní;è.p.;1069;;;69155;573223.48;1207122.33;2015-01-13T00:00:00
73381420;584665;Moravská Nová Ves;;;;;98795;Moravská Nová Ves;61000;Hliník;è.p.;1071;;;69155;573466.68;1206236.79;2015-01-28T00:00:00
73537217;584665;Moravská Nová Ves;;;;;98795;Moravská Nová Ves;61042;Kamenná;è.p.;1072;;;69155;572799.06;1207450.79;2015-03-25T00:00:00
73694436;584665;Moravská Nová Ves;;;;;98795;Moravská Nová Ves;61051;Kováøská;è.p.;1070;;;69155;573122.99;1207450.48;2015-05-19T00:00:00
73755869;584665;Moravská Nová Ves;;;;;98795;Moravská Nová Ves;60984;Dolní;è.p.;1073;;;69155;573478.41;1206798.08;2015-06-08T00:00:00
73816132;584665;Moravská Nová Ves;;;;;98795;Moravská Nová Ves;61107;Luèní;è.p.;1052;;;69155;572230.44;1207602.18;2015-06-24T00:00:00
74047281;584665;Moravská Nová Ves;;;;;98795;Moravská Nová Ves;61352;Vítìzství;è.p.;477;;;69155;573308.44;1206704.63;2015-09-10T00:00:00
74207016;584665;Moravská Nová Ves;;;;;98795;Moravská Nová Ves;61352;Vítìzství;è.p.;1066;;;69155;573262.32;1206812.63;2015-11-04T00:00:00
74870602;584665;Moravská Nová Ves;;;;;98795;Moravská Nová Ves;61107;Luèní;è.p.;1025;;;69155;572294.37;1207575.66;2016-04-11T00:00:00
75034182;584665;Moravská Nová Ves;;;;;98795;Moravská Nová Ves;61239;Sadová;è.p.;1074;;;69155;573168.59;1208080.88;2016-05-23T00:00:00
75119609;584665;Moravská Nová Ves;;;;;98795;Moravská Nová Ves;61018;Jana Èerného;è.p.;1075;;;69155;572624.49;1207158.63;2016-06-17T00:00:00
75226987;584665;Moravská Nová Ves;;;;;98795;Moravská Nová Ves;61093;Lipová;è.p.;1076;;;69155;573667.11;1206675.98;2016-07-27T00:00:00
75458772;584665;Moravská Nová Ves;;;;;98795;Moravská Nová Ves;61051;Kováøská;è.p.;1078;;;69155;573016.81;1207550.06;2016-10-25T00:00:00
75557541;584665;Moravská Nová Ves;;;;;98795;Moravská Nová Ves;61344;Vinohradská;è.p.;1079;;;69155;572887.01;1208009.26;2016-11-24T00:00:00
76057054;584665;Moravská Nová Ves;;;;;98795;Moravská Nová Ves;61093;Lipová;è.p.;1082;;;69155;573688.52;1206639.90;2017-04-10T00:00:00
76208753;584665;Moravská Nová Ves;;;;;98795;Moravská Nová Ves;61174;Na Výsluní;è.p.;1083;;;69155;572429.49;1207507.08;2017-06-05T00:00:00
76315851;584665;Moravská Nová Ves;;;;;98795;Moravská Nová Ves;61204;Pod Kostelem;è.p.;1081;;;69155;573209.98;1207359.32;2017-06-21T00:00:00
77539681;584665;Moravská Nová Ves;;;;;98795;Moravská Nová Ves;60992;Hlavní;è.p.;1084;;;69155;572725.50;1207552.27;2017-07-31T00:00:00
77585984;584665;Moravská Nová Ves;;;;;98795;Moravská Nová Ves;61182;námìstí Republiky;è.p.;1085;;;69155;573155.74;1207309.78;2017-08-24T00:00:00
77624548;584665;Moravská Nová Ves;;;;;98795;Moravská Nová Ves;61344;Vinohradská;è.p.;1086;;;69155;572842.96;1207983.85;2017-09-05T00:00:00
77711033;584665;Moravská Nová Ves;;;;;98795;Moravská Nová Ves;61352;Vítìzství;è.p.;1088;;;69155;573234.59;1206922.71;2017-10-11T00:00:00
78016983;584665;Moravská Nová Ves;;;;;98795;Moravská Nová Ves;61093;Lipová;è.p.;1089;;;69155;573393.85;1207194.65;2018-03-01T00:00:00
78063175;584665;Moravská Nová Ves;;;;;98795;Moravská Nová Ves;61212;Pod Náspem;è.p.;1087;;;69155;572447.77;1207634.80;2018-02-28T00:00:00
78126304;584665;Moravská Nová Ves;;;;;98795;Moravská Nová Ves;61344;Vinohradská;è.p.;1077;;;69155;573001.00;1207944.37;2018-03-14T00:00:00
78131219;584665;Moravská Nová Ves;;;;;98795;Moravská Nová Ves;61140;Na Mlatì;è.p.;1091;;;69155;573454.98;1206565.50;2018-03-16T00:00:00
78431522;584665;Moravská Nová Ves;;;;;98795;Moravská Nová Ves;61042;Kamenná;è.p.;1092;;;69155;572802.79;1207476.95;2018-06-13T00:00:00
78436877;584665;Moravská Nová Ves;;;;;98795;Moravská Nová Ves;61263;U Jordánky;è.p.;1093;;;69155;572947.13;1207278.45;2018-06-25T00:00:00
78464137;584665;Moravská Nová Ves;;;;;98795;Moravská Nová Ves;61352;Vítìzství;è.p.;1094;;;69155;573332.92;1206739.06;2018-06-25T00:00:00
78538351;584665;Moravská Nová Ves;;;;;98795;Moravská Nová Ves;61344;Vinohradská;è.p.;1095;;;69155;572629.32;1207755.48;2018-07-20T00:00:00
78602319;584665;Moravská Nová Ves;;;;;98795;Moravská Nová Ves;61301;U Trati;è.p.;1096;;;69155;572792.59;1207648.29;2018-08-20T00:00:00
78710596;584665;Moravská Nová Ves;;;;;98795;Moravská Nová Ves;755818;Výmol;è.ev.;52;;;69155;572397.99;1207729.24;2018-09-21T00:00:00
78710740;584665;Moravská Nová Ves;;;;;98795;Moravská Nová Ves;61255;U Dráhy;è.ev.;15;;;69155;572605.79;1207610.71;2018-09-21T00:00:00
78716918;584665;Moravská Nová Ves;;;;;98795;Moravská Nová Ves;755818;Výmol;è.ev.;45;;;69155;572445.57;1207717.96;2018-09-27T00:00:00
78843294;584665;Moravská Nová Ves;;;;;98795;Moravská Nová Ves;61034;Josefovské chalupy;è.p.;1097;;;69155;573418.52;1206451.54;2018-11-09T00:00:00
78877237;584665;Moravská Nová Ves;;;;;98795;Moravská Nová Ves;61093;Lipová;è.p.;1080;;;69155;573577.06;1206896.04;2018-11-21T00:00:00
78925274;584665;Moravská Nová Ves;;;;;98795;Moravská Nová Ves;60984;Dolní;è.p.;1098;;;69155;573201.69;1207152.48;2018-11-29T00:00:00
79061516;584665;Moravská Nová Ves;;;;;98795;Moravská Nová Ves;;;è.ev.;59;;;69155;572364.46;1207748.13;2019-01-15T00:00:00
